   2    2       4       -28.722356
   2    4       6       -34.021157
   2    6       8       -34.793928
   4    2       6       -31.976527
   4    4       8       -55.440615
   4    6       10      -69.664016
   4    8       12      -74.970894
   6    4       10      -64.880948
   6    6       12      -92.465552
   6    8       14      -107.637808
   6    10      16      -114.599094
   6    12      18      -119.30651
   6    14      20      -123.089285
   6    16      22      -125.035735
   8    6       14      -101.894499
   8    8       16      -126.708495
   8    10      18      -142.040342
   8    12      20      -154.121072
   8    14      22      -164.192707
   8    16      24      -171.196394
   8    18      26      -173.433299
   8    20      28      -173.721183
   10   6       16      -102.470988
   10   8       18      -135.653893
   10   10      20      -158.396315
   10   12      22      -177.477048
   10   14      24      -193.845793
   10   16      26      -205.722579
   10   18      28      -212.000243
   10   20      30      -216.106828
   10   22      32      -216.975981
   10   24      34      -218.226876
   12   8       20      -139.528991
   12   10      22      -169.102194
   12   12      24      -195.134778
   12   14      26      -217.535214
   12   16      28      -234.484074
   12   18      30      -245.361061
   12   20      32      -253.752987
   12   22      34      -258.658182
   12   24      36      -263.606772
   12   26      38      -266.684381
   12   28      40      -268.072611
   12   30      42      -269.204171
   12   32      44      -270.030437
   12   34      46      -270.081996
   14   8       22      -140.072489
   14   10      24      -175.531305
   14   12      26      -207.449763
   14   14      28      -235.885032
   14   16      30      -257.955289
   14   18      32      -273.584383
   14   20      34      -286.407465
   14   22      36      -295.46511
   14   24      38      -303.076032
   14   26      40      -309.435748
   14   28      42      -314.862929
   14   30      44      -318.743398
   14   32      46      -322.32511
   14   34      48      -324.034966
   16   10      26      -176.534299
   16   12      28      -213.352418
   16   14      30      -246.748896
   16   16      32      -273.631835
   16   18      34      -293.791817
   16   20      36      -310.920351
   16   22      38      -324.076883
   16   24      40      -335.167156
   16   26      42      -345.277942
   16   28      44      -353.844509
   16   30      46      -361.234849
   16   32      48      -367.198096
   16   34      50      -370.550242
   16   36      52      -371.181184
   16   38      54      -371.252896
   18   14      32      -250.560438
   18   16      34      -281.726634
   18   18      36      -306.668612
   18   20      38      -328.397196
   18   22      40      -345.788729
   18   24      42      -361.033488
   18   26      44      -374.709469
   18   28      46      -386.823058
   18   30      48      -397.357702
   18   32      50      -405.633325
   18   34      52      -410.939629
   18   36      54      -414.203141
   18   38      56      -416.866389
   18   40      58      -418.48414
   20   16      36      -285.519728
   20   18      38      -315.040292
   20   20      40      -341.289562
   20   22      42      -362.800711
   20   24      44      -382.042484
   20   26      46      -399.631766
   20   28      48      -415.231645
   20   30      50      -428.582915
   20   32      52      -439.188581
   20   34      54      -446.746095
   20   36      56      -452.746446
   20   38      58      -458.076459
   20   40      60      -462.236175
   20   42      62      -464.425643
   20   44      64      -465.550329
   20   46      66      -466.225519
   20   48      68      -466.75967
   20   50      70      -466.975609
   20   52      72      -467.134186
   22   18      40      -318.815366
   22   20      42      -349.273457
   22   22      44      -374.63319
   22   24      46      -397.643021
   22   26      48      -418.938855
   22   28      50      -437.942591
   22   30      52      -453.96005
   22   32      54      -466.987607
   22   34      56      -476.876655
   22   36      58      -485.428813
   22   38      60      -493.265555
   22   40      62      -499.869171
   22   42      64      -504.568549
   22   44      66      -508.033503
   22   46      68      -511.749724
   22   48      70      -514.282896
   22   50      72      -515.950525
   22   52      74      -517.047104
   22   54      76      -517.996149
   22   56      78      -518.779816
   22   58      80      -519.248392
   24   18      42      -319.093876
   24   20      44      -353.596294
   24   22      46      -382.680047
   24   24      48      -410.194472
   24   26      50      -434.795742
   24   28      52      -456.601869
   24   30      54      -475.347795
   24   32      56      -490.885483
   24   34      58      -503.316614
   24   36      60      -514.442282
   24   38      62      -524.865658
   24   40      64      -534.001854
   24   42      66      -541.22932
   24   44      68      -547.883717
   24   46      70      -553.90567
   24   48      72      -558.487553
   24   50      74      -561.857039
   24   52      76      -564.31264
   24   54      78      -566.192377
   24   56      80      -567.877973
   24   58      82      -569.269487
   24   60      84      -570.045822
   26   20      46      -354.967526
   26   22      48      -387.597919
   26   24      50      -418.62212
   26   26      52      -446.67823
   26   28      54      -472.021865
   26   30      56      -493.464035
   26   32      58      -511.551872
   26   34      60      -526.626556
   26   36      62      -540.486395
   26   38      64      -553.490948
   26   40      66      -565.180413
   26   42      68      -574.965736
   26   44      70      -583.421264
   26   46      72      -591.83789
   26   48      74      -598.507086
   26   50      76      -603.848392
   26   52      78      -608.140446
   26   54      80      -611.589091
   26   56      82      -614.551574
   26   58      84      -616.928617
   26   60      86      -618.581547
   26   62      88      -619.076964
   28   22      50      -389.205796
   28   24      52      -422.949491
   28   26      54      -454.345952
   28   28      56      -483.323017
   28   30      58      -507.583042
   28   32      60      -528.368838
   28   34      62      -546.134583
   28   36      64      -562.637102
   28   38      66      -578.217984
   28   40      68      -592.500315
   28   42      70      -604.897488
   28   44      72      -615.885012
   28   46      74      -625.899617
   28   48      76      -635.0397
   28   50      78      -642.667767
   28   52      80      -648.68412
   28   54      82      -653.574779
   28   56      84      -657.871828
   28   58      86      -661.319344
   28   60      88      -663.895138
   28   62      90      -665.435712
   28   64      92      -666.027169
   30   24      54      -423.511597
   30   26      56      -457.715191
   30   28      58      -489.400016
   30   30      60      -516.616616
   30   32      62      -540.261408
   30   34      64      -560.465734
   30   36      66      -579.320742
   30   38      68      -597.204447
   30   40      70      -613.724873
   30   42      72      -628.312009
   30   44      74      -641.422505
   30   46      76      -653.575115
   30   48      78      -664.74991
   30   50      80      -674.454193
   30   52      82      -682.349367
   30   54      84      -688.999353
   30   56      86      -694.969299
   30   58      88      -699.730586
   30   60      90      -703.237258
   30   62      92      -705.830047
   30   64      94      -707.785992
   30   66      96      -709.289102
   30   68      98      -710.415969
   30   70      100     -710.918092
   32   28      60      -490.879397
   32   30      62      -520.826705
   32   32      64      -547.201835
   32   34      66      -569.812902
   32   36      68      -591.032917
   32   38      70      -611.243826
   32   40      72      -630.016186
   32   42      74      -646.868407
   32   44      76      -662.217633
   32   46      78      -677.025876
   32   48      80      -690.270034
   32   50      82      -701.873562
   32   52      84      -711.686955
   32   54      86      -719.968664
   32   56      88      -727.437875
   32   58      90      -733.584214
   32   60      92      -738.199367
   32   62      94      -742.054127
   32   64      96      -745.476096
   32   66      98      -748.55941
   32   68      100     -751.237405
   32   70      102     -753.274784
   32   72      104     -754.474514
   32   74      106     -756.03105
   32   76      108     -756.943014
   32   78      110     -757.325754
   34   30      64      -521.188349
   34   32      66      -549.909521
   34   34      68      -575.191893
   34   36      70      -599.095574
   34   38      72      -621.586003
   34   40      74      -642.808679
   34   42      76      -662.05287
   34   44      78      -679.834477
   34   46      80      -697.119285
   34   48      82      -712.557778
   34   50      84      -726.278872
   34   52      86      -737.890439
   34   54      88      -747.851955
   34   56      90      -756.631311
   34   58      92      -764.101934
   34   60      94      -770.12699
   34   62      96      -775.834298
   34   64      98      -780.928
   34   66      100     -785.330843
   34   68      102     -789.424746
   34   70      104     -793.110578
   34   72      106     -795.895845
   34   74      108     -798.697831
   34   76      110     -800.938473
   34   78      112     -802.569096
   34   80      114     -803.618479
   34   82      116     -804.114859
   36   32      68      -550.094002
   36   34      70      -578.061997
   36   36      72      -604.644491
   36   38      74      -629.330917
   36   40      76      -652.975912
   36   42      78      -674.603841
   36   44      80      -694.713535
   36   46      82      -714.065875
   36   48      84      -731.773512
   36   50      86      -747.929671
   36   52      88      -761.21199
   36   54      90      -772.817212
   36   56      92      -783.098465
   36   58      94      -791.944598
   36   60      96      -799.811792
   36   62      98      -807.253753
   36   64      100     -813.973986
   36   66      102     -819.926594
   36   68      104     -825.29105
   36   70      106     -830.578334
   36   72      108     -835.059452
   36   74      110     -838.760595
   36   76      112     -842.364211
   36   78      114     -845.254087
   36   80      116     -847.418133
   36   82      118     -848.926046
   36   84      120     -849.808103
   36   86      122     -850.510211
   36   88      124     -850.853909
   38   34      72      -578.543585
   38   36      74      -607.601313
   38   38      76      -635.513223
   38   40      78      -661.057384
   38   42      80      -684.739015
   38   44      82      -707.096464
   38   46      84      -728.30222
   38   48      86      -748.538003
   38   50      88      -766.984922
   38   52      90      -781.701609
   38   54      92      -794.893006
   38   56      94      -806.937728
   38   58      96      -817.254633
   38   60      98      -826.823079
   38   62      100     -836.447658
   38   64      102     -844.992126
   38   66      104     -852.665405
   38   68      106     -859.533623
   38   70      108     -865.640444
   38   72      110     -871.655012
   38   74      112     -877.017493
   38   76      114     -881.872155
   38   78      116     -886.164968
   38   80      118     -889.947745
   38   82      120     -892.659208
   38   84      122     -894.311789
   38   86      124     -895.651414
   38   88      126     -896.715013
   38   90      128     -897.324097
   38   92      130     -897.484585
   38   94      132     -897.603117
   40   36      76      -608.337945
   40   38      78      -638.538855
   40   40      80      -666.352713
   40   42      82      -692.388128
   40   44      84      -716.941327
   40   46      86      -740.323371
   40   48      88      -762.758217
   40   50      90      -783.285073
   40   52      92      -799.686361
   40   54      94      -814.512198
   40   56      96      -828.078357
   40   58      98      -839.92471
   40   60      100     -851.4375
   40   62      102     -862.682408
   40   64      104     -872.832251
   40   66      106     -882.052326
   40   68      108     -890.408105
   40   70      110     -897.948838
   40   72      112     -905.318506
   40   74      114     -912.330321
   40   76      116     -918.647161
   40   78      118     -924.458322
   40   80      120     -929.738553
   40   82      122     -933.810666
   40   84      124     -936.377959
   40   86      126     -938.197239
   40   88      128     -939.948198
   40   90      130     -941.252159
   40   92      132     -942.451305
   40   94      134     -943.335527
   40   96      136     -943.655326
   42   38      80      -638.762717
   42   40      82      -669.212312
   42   42      84      -697.529416
   42   44      86      -724.261986
   42   46      88      -749.773432
   42   48      90      -774.288533
   42   50      92      -796.908273
   42   52      94      -814.975733
   42   54      96      -831.430862
   42   56      98      -846.51032
   42   58      100     -859.926706
   42   60      102     -872.841508
   42   62      104     -885.547306
   42   64      106     -897.278229
   42   66      108     -908.127096
   42   68      110     -918.117396
   42   70      112     -927.283677
   42   72      114     -936.297761
   42   74      116     -944.824795
   42   76      118     -952.670827
   42   78      120     -959.973508
   42   80      122     -966.75043
   42   82      124     -972.220823
   42   84      126     -975.695682
   42   86      128     -978.324226
   42   88      130     -980.778152
   42   90      132     -982.91179
   42   92      134     -984.800683
   42   94      136     -986.236791
   42   96      138     -987.093338
   42   98      140     -987.47679
   44   40      84      -669.786046
   44   42      86      -700.243062
   44   44      88      -729.103108
   44   46      90      -756.732457
   44   48      92      -783.355163
   44   50      94      -808.042024
   44   52      96      -827.746186
   44   54      98      -845.796531
   44   56      100     -862.389403
   44   58      102     -877.424691
   44   60      104     -891.976559
   44   62      106     -905.98078
   44   64      108     -919.355089
   44   66      110     -931.90479
   44   68      112     -943.478313
   44   70      114     -954.265154
   44   72      116     -964.898826
   44   74      118     -974.975571
   44   76      120     -984.39243
   44   78      122     -993.203519
   44   80      124     -1001.495325
   44   82      126     -1008.433123
   44   84      128     -1012.843295
   44   86      130     -1016.345047
   44   88      132     -1019.599477
   44   90      134     -1022.437741
   44   92      136     -1024.971436
   44   94      138     -1026.992254
   44   96      140     -1028.44189
   44   98      142     -1029.473476
   44   100     144     -1030.240118
   44   102     146     -1030.746696
   44   104     148     -1031.096671
   44   106     150     -1031.249964
   46   42      88      -700.755415
   46   44      90      -731.695043
   46   46      92      -761.414076
   46   48      94      -790.085318
   46   50      96      -816.837445
   46   52      98      -838.155258
   46   54      100     -857.796791
   46   56      102     -875.923579
   46   58      104     -892.984594
   46   60      106     -909.231669
   46   62      108     -924.598766
   46   64      110     -939.249331
   46   66      112     -953.229538
   46   68      114     -966.442953
   46   70      116     -979.05574
   46   72      118     -991.287062
   46   74      120     -1002.946571
   46   76      122     -1013.90703
   46   78      124     -1024.263037
   46   80      126     -1034.085877
   46   82      128     -1042.484212
   46   84      130     -1047.821221
   46   86      132     -1052.242904
   46   88      134     -1056.303347
   46   90      136     -1059.952123
   46   92      138     -1063.17714
   46   94      140     -1065.840409
   46   96      142     -1067.96664
   46   98      144     -1069.786993
   46   100     146     -1071.419761
   46   102     148     -1072.792703
   46   104     150     -1073.963754
   46   106     152     -1075.062537
   46   108     154     -1075.947337
   46   110     156     -1076.630687
   46   112     158     -1076.953797
   48   44      92      -732.184113
   48   46      94      -763.997462
   48   48      96      -794.647726
   48   50      98      -823.512507
   48   52      100     -846.351339
   48   54      102     -867.575111
   48   56      104     -887.269775
   48   58      106     -905.82526
   48   60      108     -923.7232
   48   62      110     -940.716522
   48   64      112     -956.893081
   48   66      114     -972.320129
   48   68      116     -987.185353
   48   70      118     -1001.700756
   48   72      120     -1015.58056
   48   74      122     -1028.783932
   48   76      124     -1041.29844
   48   78      126     -1053.190715
   48   80      128     -1064.525868
   48   82      130     -1074.414199
   48   84      132     -1080.704197
   48   86      134     -1086.103858
   48   88      136     -1091.029041
   48   90      138     -1095.489931
   48   92      140     -1099.459033
   48   94      142     -1102.855102
   48   96      144     -1105.770468
   48   98      146     -1108.56056
   48   100     148     -1111.057684
   48   102     150     -1113.303441
   48   104     152     -1115.368764
   48   106     154     -1117.276015
   48   108     156     -1119.114407
   48   110     158     -1120.793805
   48   112     160     -1122.118714
   48   114     162     -1123.052384
   48   116     164     -1123.540461
   48   118     166     -1123.69709
   50   48      98      -796.122463
   50   50      100     -826.91217
   50   52      102     -851.417385
   50   54      104     -874.244098
   50   56      106     -895.584326
   50   58      108     -915.727306
   50   60      110     -935.014543
   50   62      112     -953.622055
   50   64      114     -971.551835
   50   66      116     -988.82177
   50   68      118     -1005.495934
   50   70      120     -1021.554329
   50   72      122     -1036.963484
   50   74      124     -1051.704995
   50   76      126     -1065.810457
   50   78      128     -1079.245551
   50   80      130     -1092.073261
   50   82      132     -1103.478023
   50   84      134     -1110.804585
   50   86      136     -1117.173585
   50   88      138     -1123.04549
   50   90      140     -1128.394245
   50   92      142     -1133.178946
   50   94      144     -1137.37785
   50   96      146     -1141.146368
   50   98      148     -1144.694999
   50   100     150     -1148.13129
   50   102     152     -1151.382574
   50   104     154     -1154.41158
   50   106     156     -1157.282514
   50   108     158     -1160.138781
   50   110     160     -1162.701534
   50   112     162     -1165.000112
   50   114     164     -1166.970765
   50   116     166     -1168.573795
   50   118     168     -1169.759791
   50   120     170     -1170.609029
   50   122     172     -1171.153054
   50   124     174     -1171.277713
   52   54      106     -874.868412
   52   56      108     -897.88784
   52   58      110     -920.085525
   52   60      112     -941.123765
   52   62      114     -961.233271
   52   64      116     -980.671703
   52   66      118     -999.301029
   52   68      120     -1017.127212
   52   70      122     -1034.2366
   52   72      124     -1050.833021
   52   74      126     -1066.949534
   52   76      128     -1082.361003
   52   78      130     -1097.100289
   52   80      132     -1111.256545
   52   82      134     -1123.981957
   52   84      136     -1132.518406
   52   86      138     -1140.125289
   52   88      140     -1147.210198
   52   90      142     -1153.675571
   52   92      144     -1159.524024
   52   94      146     -1164.986317
   52   96      148     -1170.04402
   52   98      150     -1174.862297
   52   100     152     -1179.528088
   52   102     154     -1183.832759
   52   104     156     -1187.791628
   52   106     158     -1191.403019
   52   108     160     -1194.69805
   52   110     162     -1197.722126
   52   112     164     -1200.569233
   52   114     166     -1203.520837
   52   116     168     -1206.08089
   52   118     170     -1208.27022
   52   120     172     -1210.138932
   52   122     174     -1211.737816
   52   124     176     -1212.94839
   52   126     178     -1213.142365
   54   56      110     -898.126199
   54   58      112     -921.907057
   54   60      114     -944.539712
   54   62      116     -966.408939
   54   64      118     -987.496097
   54   66      120     -1007.727
   54   68      122     -1027.077566
   54   70      124     -1045.47696
   54   72      126     -1062.963685
   54   74      128     -1079.879687
   54   76      130     -1096.331917
   54   78      132     -1112.205535
   54   80      134     -1127.741888
   54   82      136     -1141.850669
   54   84      138     -1151.586608
   54   86      140     -1160.901103
   54   88      142     -1169.474473
   54   90      144     -1177.336636
   54   92      146     -1184.584791
   54   94      148     -1191.3824
   54   96      150     -1197.853125
   54   98      152     -1203.989248
   54   100     154     -1209.683644
   54   102     156     -1214.908523
   54   104     158     -1219.7643
   54   106     160     -1224.29561
   54   108     162     -1228.500525
   54   110     164     -1232.382885
   54   112     166     -1235.9782
   54   114     168     -1239.350269
   54   116     170     -1242.556283
   54   118     172     -1245.587205
   54   120     174     -1248.319871
   54   122     176     -1250.580798
   54   124     178     -1252.559711
   54   126     180     -1253.752878
   56   60      116     -946.742843
   56   62      118     -970.654435
   56   64      120     -993.14613
   56   66      122     -1014.642763
   56   68      124     -1035.304564
   56   70      126     -1055.013568
   56   72      128     -1073.648376
   56   74      130     -1091.483859
   56   76      132     -1108.953055
   56   78      134     -1125.972175
   56   80      136     -1142.288791
   56   82      138     -1157.802039
   56   84      140     -1168.978368
   56   86      142     -1179.723182
   56   88      144     -1189.725788
   56   90      146     -1198.951878
   56   92      148     -1207.56111
   56   94      150     -1215.897842
   56   96      152     -1223.960095
   56   98      154     -1231.51854
   56   100     156     -1238.428236
   56   102     158     -1244.663138
   56   104     160     -1250.35825
   56   106     162     -1255.686856
   56   108     164     -1260.681777
   56   110     166     -1265.330681
   56   112     168     -1269.637364
   56   114     170     -1273.656792
   56   116     172     -1277.468857
   56   118     174     -1281.142471
   56   120     176     -1284.660074
   56   122     178     -1287.820281
   56   124     180     -1290.529113
   56   126     182     -1292.730781
   56   128     184     -1293.155672
   56   130     186     -1293.59647
   56   132     188     -1293.693396
   58   60      118     -947.722875
   58   62      120     -973.273001
   58   64      122     -997.23981
   58   66      124     -1020.000316
   58   68      126     -1041.814529
   58   70      128     -1062.655037
   58   72      130     -1082.375503
   58   74      132     -1101.10478
   58   76      134     -1119.491439
   58   78      136     -1137.665507
   58   80      138     -1155.135226
   58   82      140     -1171.919599
   58   84      142     -1184.405269
   58   86      144     -1196.428102
   58   88      146     -1207.85018
   58   90      148     -1218.603318
   58   92      150     -1229.218145
   58   94      152     -1239.296806
   58   96      154     -1248.64925
   58   98      156     -1257.403847
   58   100     158     -1265.486631
   58   102     160     -1272.772521
   58   104     162     -1279.374161
   58   106     164     -1285.458387
   58   108     166     -1291.125863
   58   110     168     -1296.429354
   58   112     170     -1301.360005
   58   114     172     -1305.954656
   58   116     174     -1310.339461
   58   118     176     -1314.669285
   58   120     178     -1318.983655
   58   122     180     -1323.087001
   58   124     182     -1326.825604
   58   126     184     -1330.053155
   58   128     186     -1330.94349
   58   130     188     -1331.91938
   58   132     190     -1332.628835
   58   134     192     -1333.006854
   58   136     194     -1333.049425
   60   62      122     -973.637418
   60   64      124     -999.1439
   60   66      126     -1023.288572
   60   68      128     -1046.360155
   60   70      130     -1068.3854
   60   72      132     -1089.277446
   60   74      134     -1108.879516
   60   76      136     -1128.097665
   60   78      138     -1147.379896
   60   80      140     -1166.162031
   60   82      142     -1184.245195
   60   84      144     -1197.879018
   60   86      146     -1211.157241
   60   88      148     -1224.049562
   60   90      150     -1236.632036
   60   92      152     -1249.017126
   60   94      154     -1260.503931
   60   96      156     -1271.12747
   60   98      158     -1281.083128
   60   100     160     -1290.316004
   60   102     162     -1298.721483
   60   104     164     -1306.392505
   60   106     166     -1313.454535
   60   108     168     -1319.900149
   60   110     170     -1325.862286
   60   112     172     -1331.449068
   60   114     174     -1336.663818
   60   116     176     -1341.501847
   60   118     178     -1346.331166
   60   120     180     -1351.390864
   60   122     182     -1356.401896
   60   124     184     -1361.413937
   60   126     186     -1365.661098
   60   128     188     -1366.999717
   60   130     190     -1368.398079
   60   132     192     -1369.660817
   60   134     194     -1370.662157
   60   136     196     -1371.353291
   60   138     198     -1371.695269
   60   140     200     -1372.379206
   60   142     202     -1372.78602
   62   66      128     -1024.106173
   62   68      130     -1048.624395
   62   70      132     -1072.044162
   62   72      134     -1094.290855
   62   74      136     -1115.168757
   62   76      138     -1134.867027
   62   78      140     -1155.228899
   62   80      142     -1175.291186
   62   82      144     -1194.784118
   62   84      146     -1209.480463
   62   86      148     -1224.016709
   62   88      150     -1238.34989
   62   90      152     -1252.421555
   62   92      154     -1266.077572
   62   94      156     -1278.826808
   62   96      158     -1290.704382
   62   98      160     -1301.871916
   62   100     162     -1312.300237
   62   102     164     -1321.873299
   62   104     166     -1330.672759
   62   106     168     -1338.76851
   62   108     170     -1346.126729
   62   110     172     -1352.945763
   62   112     174     -1359.409552
   62   114     176     -1365.510501
   62   116     178     -1371.17145
   62   118     180     -1376.314126
   62   120     182     -1381.962039
   62   122     184     -1387.849986
   62   124     186     -1394.213057
   62   126     188     -1399.462634
   62   128     190     -1401.453814
   62   130     192     -1403.147725
   62   132     194     -1404.924921
   62   134     196     -1406.616739
   62   136     198     -1408.052266
   62   138     200     -1409.463867
   62   140     202     -1411.028011
   62   142     204     -1412.148004
   62   144     206     -1412.823292
   62   146     208     -1413.16006
   62   148     210     -1413.240441
   64   70      134     -1073.427996
   64   72      136     -1097.00024
   64   74      138     -1119.142258
   64   76      140     -1139.840953
   64   78      142     -1161.281568
   64   80      144     -1182.607479
   64   82      146     -1203.531906
   64   84      148     -1219.279761
   64   86      150     -1235.033466
   64   88      152     -1250.678053
   64   90      154     -1265.881234
   64   92      156     -1280.642483
   64   94      158     -1294.582222
   64   96      160     -1307.686357
   64   98      162     -1320.084098
   64   100     164     -1331.740175
   64   102     166     -1342.512366
   64   104     168     -1352.407542
   64   106     170     -1361.506124
   64   108     172     -1369.85524
   64   110     174     -1377.732896
   64   112     176     -1385.256697
   64   114     178     -1392.363698
   64   116     180     -1398.932735
   64   118     182     -1404.912237
   64   120     184     -1410.755585
   64   122     186     -1417.61151
   64   124     188     -1425.1053
   64   126     190     -1431.348601
   64   128     192     -1434.023039
   64   130     194     -1436.207988
   64   132     196     -1438.52169
   64   134     198     -1440.931026
   64   136     200     -1443.193415
   64   138     202     -1445.472267
   64   140     204     -1447.727992
   64   142     206     -1449.5916
   64   144     208     -1450.999902
   64   146     210     -1452.01897
   64   148     212     -1452.752077
   64   150     214     -1453.245579
   64   152     216     -1453.519648
   64   154     218     -1453.542237
   66   72      138     -1097.521136
   66   74      140     -1120.869943
   66   76      142     -1142.977587
   66   78      144     -1165.943056
   66   80      146     -1188.180063
   66   82      148     -1210.499218
   66   84      150     -1227.323581
   66   86      152     -1244.215323
   66   88      154     -1261.032805
   66   90      156     -1277.275291
   66   92      158     -1293.046845
   66   94      160     -1308.131374
   66   96      162     -1322.438733
   66   98      164     -1336.07235
   66   100     166     -1348.977791
   66   102     168     -1360.990483
   66   104     170     -1372.022249
   66   106     172     -1382.148257
   66   108     174     -1391.587118
   66   110     176     -1400.622257
   66   112     178     -1409.24856
   66   114     180     -1417.330307
   66   116     182     -1424.753815
   66   118     184     -1431.52547
   66   120     186     -1438.37024
   66   122     188     -1445.650958
   66   124     190     -1454.105041
   66   126     192     -1461.322566
   66   128     194     -1464.683509
   66   130     196     -1467.550886
   66   132     198     -1470.50521
   66   134     200     -1473.560702
   66   136     202     -1476.573585
   66   138     204     -1479.605054
   66   140     206     -1482.583179
   66   142     208     -1485.208926
   66   144     210     -1487.376242
   66   146     212     -1489.136013
   66   148     214     -1490.565902
   66   150     216     -1491.732225
   66   152     218     -1492.656091
   66   154     220     -1493.306853
   66   156     222     -1493.648958
   66   158     224     -1493.674088
   68   76      144     -1144.342
   68   78      146     -1168.743278
   68   80      148     -1192.048357
   68   82      150     -1215.718055
   68   84      152     -1233.649381
   68   86      154     -1251.602754
   68   88      156     -1269.478962
   68   90      158     -1286.709739
   68   92      160     -1303.431882
   68   94      162     -1319.601188
   68   96      164     -1335.112957
   68   98      166     -1349.987065
   68   100     168     -1364.143562
   68   102     170     -1377.417532
   68   104     172     -1389.65234
   68   106     174     -1400.907038
   68   108     176     -1411.510397
   68   110     178     -1421.706039
   68   112     180     -1431.379051
   68   114     182     -1440.359441
   68   116     184     -1448.572166
   68   118     186     -1456.151951
   68   120     188     -1464.21928
   68   122     190     -1472.22632
   68   124     192     -1481.304697
   68   126     194     -1489.480568
   68   128     196     -1493.549829
   68   130     198     -1497.18128
   68   132     200     -1500.861245
   68   134     202     -1504.538205
   68   136     204     -1508.129289
   68   138     206     -1511.700668
   68   140     208     -1515.299401
   68   142     210     -1518.674609
   68   144     212     -1521.626652
   68   146     214     -1524.14675
   68   148     216     -1526.329927
   68   150     218     -1528.232323
   68   152     220     -1529.852319
   68   154     222     -1531.170107
   68   156     224     -1532.142709
   68   158     226     -1532.793302
   68   160     228     -1533.166773
   68   162     230     -1533.296728
   70   78      148     -1169.616561
   70   80      150     -1194.248339
   70   82      152     -1219.249061
   70   84      154     -1238.282527
   70   86      156     -1257.242203
   70   88      158     -1276.089509
   70   90      160     -1294.266411
   70   92      162     -1311.872915
   70   94      164     -1329.016203
   70   96      166     -1345.624756
   70   98      168     -1361.642451
   70   100     170     -1376.968606
   70   102     172     -1391.444193
   70   104     174     -1404.865976
   70   106     176     -1417.288988
   70   108     178     -1429.079898
   70   110     180     -1440.437272
   70   112     182     -1451.159214
   70   114     184     -1461.026211
   70   116     186     -1470.016788
   70   118     188     -1479.106391
   70   120     190     -1488.090137
   70   122     192     -1497.0515
   70   124     194     -1506.816964
   70   126     196     -1515.957298
   70   128     198     -1520.740047
   70   130     200     -1525.125738
   70   132     202     -1529.555848
   70   134     204     -1533.881946
   70   136     206     -1538.06416
   70   138     208     -1542.138532
   70   140     210     -1546.156205
   70   142     212     -1550.067089
   70   144     214     -1553.715539
   70   146     216     -1556.986529
   70   148     218     -1559.919997
   70   150     220     -1562.566455
   70   152     222     -1564.93351
   70   154     224     -1566.966367
   70   156     226     -1568.623433
   70   158     228     -1569.912254
   70   160     230     -1570.890171
   70   162     232     -1571.587225
   70   164     234     -1572.020853
   70   166     236     -1572.200191
   72   80      152     -1194.791884
   72   82      154     -1221.158844
   72   84      156     -1241.253661
   72   86      158     -1261.161761
   72   88      160     -1280.91058
   72   90      162     -1299.987772
   72   92      164     -1318.428521
   72   94      166     -1336.40068
   72   96      168     -1353.893664
   72   98      170     -1370.850338
   72   100     172     -1387.154391
   72   102     174     -1402.646607
   72   104     176     -1417.107933
   72   106     178     -1430.652509
   72   108     180     -1443.629371
   72   110     182     -1456.16503
   72   112     184     -1468.059697
   72   114     186     -1479.102643
   72   116     188     -1489.327394
   72   118     190     -1499.925836
   72   120     192     -1509.986414
   72   122     194     -1520.088372
   72   124     196     -1530.685306
   72   126     198     -1540.797604
   72   128     200     -1546.300274
   72   130     202     -1551.387986
   72   132     204     -1556.529836
   72   134     206     -1561.546055
   72   136     208     -1566.37853
   72   138     210     -1571.034168
   72   140     212     -1575.563187
   72   142     214     -1579.947344
   72   144     216     -1584.106314
   72   146     218     -1587.954503
   72   148     220     -1591.484595
   72   150     222     -1594.745255
   72   152     224     -1597.729833
   72   154     226     -1600.399446
   72   156     228     -1602.692779
   72   158     230     -1604.599438
   72   160     232     -1606.155436
   72   162     234     -1607.472113
   72   164     236     -1608.698796
   72   166     238     -1609.562289
   72   168     240     -1610.157181
   72   170     242     -1610.612963
   72   172     244     -1610.951655
   72   174     246     -1611.22162
   72   176     248     -1611.657671
   72   178     250     -1612.162789
   72   180     252     -1612.516084
   72   182     254     -1613.127758
   74   82      156     -1221.503956
   74   84      158     -1242.603019
   74   86      160     -1263.37308
   74   88      162     -1283.955123
   74   90      164     -1303.909627
   74   92      166     -1323.196675
   74   94      168     -1341.953655
   74   96      170     -1360.233296
   74   98      172     -1378.025384
   74   100     174     -1395.248967
   74   102     176     -1411.71793
   74   104     178     -1427.227878
   74   106     180     -1441.936158
   74   108     182     -1456.119635
   74   110     184     -1469.816888
   74   112     186     -1482.960478
   74   114     188     -1495.362079
   74   116     190     -1507.11094
   74   118     192     -1518.814251
   74   120     194     -1530.120587
   74   122     196     -1541.410359
   74   124     198     -1552.981804
   74   126     200     -1564.030197
   74   128     202     -1570.288026
   74   130     204     -1575.98336
   74   132     206     -1581.751429
   74   134     208     -1587.395263
   74   136     210     -1592.886473
   74   138     212     -1598.17693
   74   140     214     -1603.279401
   74   142     216     -1608.193923
   74   144     218     -1612.895269
   74   146     220     -1617.314043
   74   148     222     -1621.444663
   74   150     224     -1625.310221
   74   152     226     -1628.920421
   74   154     228     -1632.232194
   74   156     230     -1635.196691
   74   158     232     -1637.783653
   74   160     234     -1640.038336
   74   162     236     -1642.169589
   74   164     238     -1644.074155
   74   166     240     -1645.652795
   74   168     242     -1647.005746
   74   170     244     -1648.258274
   74   172     246     -1649.372025
   74   174     248     -1650.409512
   74   176     250     -1651.473881
   74   178     252     -1652.594455
   74   180     254     -1653.609505
   74   182     256     -1655.0846
   74   184     258     -1655.399987
   76   86      162     -1263.97516
   76   88      164     -1285.279848
   76   90      166     -1306.073115
   76   92      168     -1326.215165
   76   94      170     -1345.782401
   76   96      172     -1364.853928
   76   98      174     -1383.459321
   76   100     176     -1401.598035
   76   102     178     -1419.050898
   76   104     180     -1435.612162
   76   106     182     -1451.550581
   76   108     184     -1466.814041
   76   110     186     -1481.684627
   76   112     188     -1496.06081
   76   114     190     -1509.774648
   76   116     192     -1523.196656
   76   118     194     -1536.075717
   76   120     196     -1548.649569
   76   122     198     -1561.072281
   76   124     200     -1573.701338
   76   126     202     -1585.663794
   76   128     204     -1592.709848
   76   130     206     -1598.990829
   76   132     208     -1605.291903
   76   134     210     -1611.4047
   76   136     212     -1617.429624
   76   138     214     -1623.281938
   76   140     216     -1628.939398
   76   142     218     -1634.411459
   76   144     220     -1639.690006
   76   146     222     -1644.736495
   76   148     224     -1649.535705
   76   150     226     -1654.066443
   76   152     228     -1658.341227
   76   154     230     -1662.330683
   76   156     232     -1665.980208
   76   158     234     -1669.275752
   76   160     236     -1672.342613
   76   162     238     -1675.26904
   76   164     240     -1677.918448
   76   166     242     -1680.278106
   76   168     244     -1682.452299
   76   170     246     -1684.504513
   76   172     248     -1686.402235
   76   174     250     -1688.104591
   76   176     252     -1689.728053
   76   178     254     -1691.481414
   76   180     256     -1693.520824
   76   182     258     -1695.705484
   76   184     260     -1696.697945
   78   90      168     -1306.625703
   78   92      170     -1327.58599
   78   94      172     -1347.952042
   78   96      174     -1367.780732
   78   98      176     -1387.346621
   78   100     178     -1406.455649
   78   102     180     -1424.970266
   78   104     182     -1442.825756
   78   106     184     -1459.962222
   78   108     186     -1476.44341
   78   110     188     -1492.443319
   78   112     190     -1508.039035
   78   114     192     -1523.178571
   78   116     194     -1537.768908
   78   118     196     -1551.835402
   78   120     198     -1565.591421
   78   122     200     -1578.96699
   78   124     202     -1592.839381
   78   126     204     -1605.693861
   78   128     206     -1613.563999
   78   130     208     -1620.61962
   78   132     210     -1627.346847
   78   134     212     -1633.864062
   78   136     214     -1640.239655
   78   138     216     -1646.538616
   78   140     218     -1652.673797
   78   142     220     -1658.641633
   78   144     222     -1664.430648
   78   146     224     -1670.099343
   78   148     226     -1675.668587
   78   150     228     -1680.976831
   78   152     230     -1685.994375
   78   154     232     -1690.704011
   78   156     234     -1695.141886
   78   158     236     -1699.325823
   78   160     238     -1703.277917
   78   162     240     -1706.984429
   78   164     242     -1710.402937
   78   166     244     -1713.576391
   78   168     246     -1716.556192
   78   170     248     -1719.392884
   78   172     250     -1722.043192
   78   174     252     -1724.512101
   78   176     254     -1726.872791
   78   178     256     -1729.101625
   78   180     258     -1732.114268
   78   182     260     -1734.953896
   78   184     262     -1736.616054
   80   92      172     -1327.652127
   80   94      174     -1348.826445
   80   96      176     -1369.69004
   80   98      178     -1390.125804
   80   100     180     -1410.075516
   80   102     182     -1429.492918
   80   104     184     -1448.330974
   80   106     186     -1466.573429
   80   108     188     -1484.281105
   80   110     190     -1501.517199
   80   112     192     -1518.277463
   80   114     194     -1534.52119
   80   116     196     -1550.217515
   80   118     198     -1565.470726
   80   120     200     -1580.374211
   80   122     202     -1595.398746
   80   124     204     -1610.381954
   80   126     206     -1624.084013
   80   128     208     -1632.790073
   80   130     210     -1640.685713
   80   132     212     -1648.218387
   80   134     214     -1655.338726
   80   136     216     -1662.092022
   80   138     218     -1668.616055
   80   140     220     -1675.164519
   80   142     222     -1681.686899
   80   144     224     -1688.118975
   80   146     226     -1694.402678
   80   148     228     -1700.503725
   80   150     230     -1706.402322
   80   152     232     -1712.077099
   80   154     234     -1717.510668
   80   156     236     -1722.70857
   80   158     238     -1727.678869
   80   160     240     -1732.41412
   80   162     242     -1736.893568
   80   164     244     -1741.106256
   80   166     246     -1745.059179
   80   168     248     -1748.816826
   80   170     250     -1752.408514
   80   172     252     -1755.808932
   80   174     254     -1759.03509
   80   176     256     -1762.099285
   80   178     258     -1765.656923
   80   180     260     -1769.27215
   80   182     262     -1772.768058
   80   184     264     -1775.048555
   82   96      178     -1370.154116
   82   98      180     -1391.220913
   82   100     182     -1411.783188
   82   102     184     -1431.849493
   82   104     186     -1451.424523
   82   106     188     -1470.53981
   82   108     190     -1489.221699
   82   110     192     -1507.496852
   82   112     194     -1525.389251
   82   114     196     -1542.913879
   82   116     198     -1560.083458
   82   118     200     -1576.907942
   82   120     202     -1593.395046
   82   122     204     -1609.581
   82   124     206     -1625.416999
   82   126     208     -1639.961725
   82   128     210     -1649.547276
   82   130     212     -1658.295586
   82   132     214     -1666.668519
   82   134     216     -1674.615392
   82   136     218     -1682.175182
   82   138     220     -1689.42088
   82   140     222     -1696.393423
   82   142     224     -1703.135455
   82   144     226     -1709.704724
   82   146     228     -1716.127125
   82   148     230     -1722.479322
   82   150     232     -1728.777837
   82   152     234     -1735.27942
   82   154     236     -1741.448666
   82   156     238     -1747.338208
   82   158     240     -1752.96076
   82   160     242     -1758.322904
   82   162     244     -1763.426339
   82   164     246     -1768.205539
   82   166     248     -1772.636917
   82   168     250     -1777.221552
   82   170     252     -1781.921642
   82   172     254     -1786.639263
   82   174     256     -1791.190281
   82   176     258     -1795.651871
   82   178     260     -1799.97404
   82   180     262     -1804.179414
   82   182     264     -1808.288406
   82   184     266     -1811.180238
   84   106     190     -1471.269923
   84   108     192     -1490.668555
   84   110     194     -1509.520155
   84   112     196     -1528.223864
   84   114     198     -1546.483713
   84   116     200     -1564.355765
   84   118     202     -1581.892657
   84   120     204     -1599.171353
   84   122     206     -1616.270285
   84   124     208     -1632.99359
   84   126     210     -1648.402109
   84   128     212     -1658.811241
   84   130     214     -1668.378432
   84   132     216     -1677.551815
   84   134     218     -1686.321337
   84   136     220     -1694.881346
   84   138     222     -1703.477572
   84   140     224     -1711.876064
   84   142     226     -1720.082948
   84   144     228     -1728.087745
   84   146     230     -1735.818168
   84   148     232     -1743.212382
   84   150     234     -1750.272526
   84   152     236     -1757.039044
   84   154     238     -1763.592949
   84   156     240     -1770.130382
   84   158     242     -1776.358712
   84   160     244     -1782.299993
   84   162     246     -1787.975786
   84   164     248     -1793.342952
   84   166     250     -1798.338712
   84   168     252     -1803.246154
   84   170     254     -1808.309769
   84   172     256     -1813.244536
   84   174     258     -1818.077509
   84   176     260     -1822.839355
   84   178     262     -1827.734651
   84   180     264     -1832.611412
   84   182     266     -1837.38974
   84   184     268     -1840.960504
   84   186     270     -1841.379016
   86   108     194     -1491.504819
   86   110     196     -1510.979668
   86   112     198     -1530.038638
   86   114     200     -1549.058374
   86   116     202     -1567.614753
   86   118     204     -1585.728889
   86   120     206     -1603.537223
   86   122     208     -1621.090752
   86   124     210     -1638.687417
   86   126     212     -1654.97561
   86   128     214     -1666.196271
   86   130     216     -1676.589759
   86   132     218     -1687.131698
   86   134     220     -1697.571327
   86   136     222     -1707.696129
   86   138     224     -1717.592262
   86   140     226     -1727.256977
   86   142     228     -1736.62497
   86   144     230     -1745.640368
   86   146     232     -1754.268013
   86   148     234     -1762.46645
   86   150     236     -1770.24745
   86   152     238     -1777.679569
   86   154     240     -1784.820763
   86   156     242     -1791.660211
   86   158     244     -1798.159422
   86   160     246     -1804.507277
   86   162     248     -1810.756526
   86   164     250     -1816.72085
   86   166     252     -1822.326567
   86   168     254     -1827.70172
   86   170     256     -1833.203753
   86   172     258     -1838.588547
   86   174     260     -1843.836669
   86   176     262     -1848.981107
   86   178     264     -1854.086159
   86   180     266     -1859.448913
   86   182     268     -1864.857829
   86   184     270     -1869.070064
   86   186     272     -1869.955101
   86   188     274     -1870.011994
   86   192     278     -1870.363447
   86   194     280     -1870.611476
   86   196     282     -1870.719089
   88   110     198     -1511.08855
   88   112     200     -1530.94124
   88   114     202     -1550.375516
   88   116     204     -1569.632742
   88   118     206     -1588.433724
   88   120     208     -1606.805519
   88   122     210     -1624.944206
   88   124     212     -1643.076099
   88   126     214     -1660.223769
   88   128     216     -1672.262385
   88   130     218     -1683.910411
   88   132     220     -1695.999784
   88   134     222     -1707.747839
   88   136     224     -1719.223034
   88   138     226     -1730.44126
   88   140     228     -1741.306973
   88   142     230     -1751.758975
   88   144     232     -1761.776173
   88   146     234     -1771.303664
   88   148     236     -1780.281811
   88   150     238     -1788.752712
   88   152     240     -1796.819483
   88   154     242     -1804.58033
   88   156     244     -1812.030846
   88   158     246     -1819.103657
   88   160     248     -1825.830725
   88   162     250     -1832.294819
   88   164     252     -1838.566095
   88   166     254     -1844.656878
   88   168     256     -1850.667823
   88   170     258     -1856.623222
   88   172     260     -1862.477779
   88   174     262     -1868.215249
   88   176     264     -1873.818147
   88   178     266     -1879.351551
   88   180     268     -1884.999015
   88   182     270     -1891.019051
   88   184     272     -1895.813509
   88   186     274     -1897.213836
   88   188     276     -1897.764512
   88   190     278     -1898.627024
   88   192     280     -1899.756724
   88   194     282     -1900.767366
   88   196     284     -1901.689462
   88   198     286     -1902.558811
   88   200     288     -1903.351955
   88   202     290     -1903.98102
   88   204     292     -1904.400766
   88   206     294     -1904.630797
   88   208     296     -1904.693568
   90   114     204     -1550.584443
   90   116     206     -1570.21841
   90   118     208     -1589.76015
   90   120     210     -1608.782902
   90   122     212     -1627.53761
   90   124     214     -1646.08822
   90   126     216     -1664.148899
   90   128     218     -1677.008018
   90   130     220     -1690.058051
   90   132     222     -1703.457588
   90   134     224     -1716.643235
   90   136     226     -1729.591167
   90   138     228     -1742.108889
   90   140     230     -1754.082232
   90   142     232     -1765.556671
   90   144     234     -1776.515671
   90   146     236     -1786.900212
   90   148     238     -1796.635817
   90   150     240     -1805.780506
   90   152     242     -1814.463347
   90   154     244     -1822.819479
   90   156     246     -1830.863381
   90   158     248     -1838.517343
   90   160     250     -1845.750662
   90   162     252     -1852.684258
   90   164     254     -1859.42517
   90   166     256     -1866.006654
   90   168     258     -1872.401771
   90   170     260     -1878.592502
   90   172     262     -1884.957453
   90   174     264     -1891.217234
   90   176     266     -1897.315152
   90   178     268     -1903.298411
   90   180     270     -1909.305595
   90   182     272     -1915.851412
   90   184     274     -1921.2078
   90   186     276     -1923.123573
   90   188     278     -1924.187483
   90   190     280     -1925.80659
   90   192     282     -1927.690376
   90   194     284     -1929.539627
   90   196     286     -1931.420229
   90   198     288     -1933.319018
   90   200     290     -1935.061195
   90   202     292     -1936.490085
   90   204     294     -1937.573842
   90   206     296     -1938.385247
   90   208     298     -1938.974604
   90   210     300     -1939.363913
   90   212     302     -1939.536384
   92   120     212     -1609.414943
   92   122     214     -1628.805975
   92   124     216     -1647.929623
   92   126     218     -1666.761123
   92   128     220     -1680.439801
   92   130     222     -1694.789342
   92   132     224     -1709.484498
   92   134     226     -1724.057886
   92   136     228     -1738.366932
   92   138     230     -1752.086423
   92   140     232     -1765.134412
   92   142     234     -1777.601837
   92   144     236     -1789.492291
   92   146     238     -1800.731144
   92   148     240     -1811.256842
   92   150     242     -1821.112482
   92   152     244     -1830.457294
   92   154     246     -1839.455175
   92   156     248     -1848.15534
   92   158     250     -1856.450208
   92   160     252     -1864.241702
   92   162     254     -1871.665512
   92   164     256     -1878.888711
   92   166     258     -1885.949461
   92   168     260     -1892.81957
   92   170     262     -1899.462421
   92   172     264     -1906.041013
   92   174     266     -1912.847439
   92   176     268     -1919.481588
   92   178     270     -1925.922248
   92   180     272     -1932.353112
   92   182     274     -1939.332141
   92   184     276     -1945.238643
   92   186     278     -1947.685437
   92   188     280     -1949.3104
   92   190     282     -1951.596419
   92   192     284     -1954.291977
   92   194     286     -1957.038546
   92   196     288     -1959.870047
   92   198     290     -1962.66277
   92   200     292     -1965.226357
   92   202     294     -1967.414227
   92   204     296     -1969.179864
   92   206     298     -1970.584354
   92   208     300     -1971.724747
   92   210     302     -1972.646888
   92   212     304     -1973.347864
   92   214     306     -1973.798542
   92   216     308     -1973.980837
   94   124     218     -1648.498349
   94   126     220     -1668.040508
   94   128     222     -1682.574899
   94   130     224     -1698.119558
   94   132     226     -1714.003291
   94   134     228     -1729.72609
   94   136     230     -1745.11035
   94   138     232     -1759.868755
   94   140     234     -1773.936456
   94   142     236     -1787.400419
   94   144     238     -1800.250464
   94   146     240     -1812.433884
   94   148     242     -1823.851745
   94   150     244     -1834.522173
   94   152     246     -1844.648746
   94   154     248     -1854.409796
   94   156     250     -1863.850814
   94   158     252     -1872.867301
   94   160     254     -1881.330017
   94   162     256     -1889.294074
   94   164     258     -1896.998638
   94   166     260     -1904.529644
   94   168     262     -1911.856864
   94   170     264     -1918.945569
   94   172     266     -1925.843348
   94   174     268     -1933.102181
   94   176     270     -1940.305183
   94   178     272     -1947.233111
   94   180     274     -1954.088341
   94   182     276     -1961.467602
   94   184     278     -1967.923277
   94   186     280     -1970.924907
   94   188     282     -1973.082574
   94   190     284     -1976.053109
   94   192     286     -1979.554135
   94   194     288     -1983.129408
   94   196     290     -1986.7225
   94   198     292     -1990.203629
   94   200     294     -1993.444824
   94   202     296     -1996.33351
   94   204     298     -1998.78572
   94   206     300     -2000.836125
   94   208     302     -2002.583195
   94   210     304     -2004.089183
   94   212     306     -2005.353082
   94   214     308     -2006.350997
   94   216     310     -2007.067702
   94   218     312     -2007.506822
   94   220     314     -2007.699435
   94   252     346     -1996.401466
   94   254     348     -1996.412576
   96   128     224     -1683.41257
   96   130     226     -1700.023793
   96   132     228     -1716.982665
   96   134     230     -1733.70363
   96   136     232     -1750.020064
   96   138     234     -1765.733313
   96   140     236     -1780.787947
   96   142     238     -1795.226425
   96   144     240     -1809.047971
   96   146     242     -1822.201394
   96   148     244     -1834.57297
   96   150     246     -1846.156339
   96   152     248     -1857.154978
   96   154     250     -1867.758864
   96   156     252     -1878.002917
   96   158     254     -1887.759954
   96   160     256     -1896.931364
   96   162     258     -1905.561028
   96   164     260     -1913.798693
   96   166     262     -1921.750361
   96   168     264     -1929.506118
   96   170     266     -1937.047205
   96   172     268     -1944.40401
   96   174     270     -1951.977989
   96   176     272     -1959.761682
   96   178     274     -1967.212818
   96   180     276     -1974.515909
   96   182     278     -1982.274493
   96   184     280     -1989.262225
   96   186     282     -1992.825807
   96   188     284     -1995.543561
   96   190     286     -1999.177652
   96   192     288     -2003.411378
   96   194     290     -2007.724635
   96   196     292     -2012.01102
   96   198     294     -2016.157251
   96   200     296     -2020.070117
   96   202     298     -2023.643165
   96   204     300     -2026.788221
   96   206     302     -2029.505554
   96   208     304     -2031.887194
   96   210     306     -2033.997745
   96   212     308     -2035.853278
   96   214     310     -2037.431287
   96   216     312     -2038.699524
   96   218     314     -2039.657638
   96   220     316     -2040.336061
   96   222     318     -2040.779328
   96   224     320     -2041.046586
   96   226     322     -2041.165735
   96   254     350     -2034.051667
   96   256     352     -2034.349606
   98   130     228     -1700.483632
   98   132     230     -1718.421545
   98   134     232     -1736.079407
   98   136     234     -1753.273165
   98   138     236     -1769.896079
   98   140     238     -1785.918655
   98   142     240     -1801.339059
   98   144     242     -1816.133429
   98   146     244     -1830.261339
   98   148     246     -1843.608008
   98   150     248     -1856.142367
   98   152     250     -1868.051576
   98   154     252     -1879.515809
   98   156     254     -1890.548731
   98   158     256     -1901.049474
   98   160     258     -1910.925073
   98   162     260     -1920.231998
   98   164     262     -1929.132927
   98   166     264     -1937.703694
   98   168     266     -1945.958142
   98   170     268     -1953.902266
   98   172     270     -1961.565783
   98   174     272     -1969.49183
   98   176     274     -1977.85768
   98   178     276     -1985.849691
   98   180     278     -1993.624336
   98   182     280     -2001.744421
   98   184     282     -2009.273788
   98   186     284     -2013.418588
   98   188     286     -2016.694883
   98   190     288     -2020.958772
   98   192     290     -2025.820938
   98   194     292     -2030.777269
   98   196     294     -2035.708948
   98   198     296     -2040.502917
   98   200     298     -2045.068201
   98   202     300     -2049.31168
   98   204     302     -2053.139278
   98   206     304     -2056.531061
   98   208     306     -2059.55705
   98   210     308     -2062.299134
   98   212     310     -2064.781462
   98   214     312     -2066.969463
   98   216     314     -2068.801721
   98   218     316     -2070.260449
   98   220     318     -2071.404917
   98   222     320     -2072.317376
   98   224     322     -2073.058117
   98   226     324     -2073.646187
   98   228     326     -2074.077704
   98   230     328     -2074.337585
   98   232     330     -2074.403312
   98   252     350     -2069.996835
   98   254     352     -2070.569589
   98   256     354     -2071.285704
   100  132     232     -1718.47431
   100  134     234     -1736.834254
   100  136     236     -1754.809426
   100  138     238     -1772.287112
   100  140     240     -1789.23889
   100  142     242     -1805.619244
   100  144     244     -1821.379007
   100  146     246     -1836.481061
   100  148     248     -1850.80158
   100  150     250     -1864.297827
   100  152     252     -1877.119492
   100  154     254     -1889.434718
   100  156     256     -1901.263832
   100  158     258     -1912.510984
   100  160     260     -1923.098599
   100  162     262     -1933.085859
   100  164     264     -1942.640324
   100  166     266     -1951.890349
   100  168     268     -1960.817138
   100  170     270     -1969.39052
   100  172     272     -1977.654543
   100  174     274     -1985.724493
   100  176     276     -1994.630054
   100  178     278     -2003.168854
   100  180     280     -2011.419074
   100  182     282     -2019.911527
   100  184     284     -2027.976447
   100  186     286     -2032.697096
   100  188     288     -2036.549335
   100  190     290     -2041.390444
   100  192     292     -2046.781021
   100  194     294     -2052.276679
   100  196     296     -2057.753159
   100  198     298     -2063.112499
   100  200     300     -2068.25616
   100  202     302     -2073.107971
   100  204     304     -2077.576699
   100  206     306     -2081.627975
   100  208     308     -2085.30899
   100  210     310     -2088.697221
   100  212     312     -2091.830058
   100  214     314     -2094.668344
   100  216     316     -2097.099135
   100  218     318     -2099.086351
   100  220     320     -2100.717038
   100  222     322     -2102.116934
   100  224     324     -2103.359774
   100  226     326     -2104.446113
   100  228     328     -2105.370349
   100  230     330     -2106.108663
   100  232     332     -2106.641399
   100  234     334     -2106.935001
   100  236     336     -2106.987554
   100  248     348     -2105.208869
   100  250     350     -2105.393982
   100  252     352     -2105.629643
   100  254     354     -2106.23176
   100  256     356     -2107.327965
   102  138     240     -1772.9088
   102  140     242     -1790.685641
   102  142     244     -1807.915599
   102  144     246     -1824.549355
   102  146     248     -1840.556066
   102  148     250     -1855.811624
   102  150     252     -1870.256047
   102  152     254     -1883.993078
   102  154     256     -1897.172399
   102  156     258     -1909.821244
   102  158     260     -1921.88045
   102  160     262     -1933.261682
   102  162     264     -1943.99191
   102  164     266     -1954.196463
   102  166     268     -1963.956251
   102  168     270     -1973.507011
   102  170     272     -1982.747085
   102  172     274     -1991.869776
   102  174     276     -2000.718403
   102  176     278     -2009.977867
   102  178     280     -2019.095674
   102  180     282     -2027.875495
   102  182     284     -2036.809201
   102  184     286     -2045.394192
   102  186     288     -2050.694092
   102  188     290     -2055.120305
   102  190     292     -2060.483951
   102  192     294     -2066.337408
   102  194     296     -2072.288087
   102  196     298     -2078.255322
   102  198     300     -2084.148358
   102  200     302     -2089.844988
   102  202     304     -2095.265348
   102  204     306     -2100.338146
   102  206     308     -2105.013824
   102  208     310     -2109.322604
   102  210     312     -2113.334416
   102  212     314     -2117.092863
   102  214     316     -2120.558926
   102  216     318     -2123.603586
   102  218     320     -2126.169474
   102  220     322     -2128.35897
   102  222     324     -2130.325509
   102  224     326     -2132.111103
   102  226     328     -2133.700275
   102  228     330     -2135.03033
   102  230     332     -2136.102551
   102  232     334     -2137.011406
   102  234     336     -2137.710175
   102  236     338     -2138.190509
   102  238     340     -2138.452759
   102  240     342     -2138.539177
   102  246     348     -2138.35731
   102  248     350     -2138.908646
   102  250     352     -2139.441409
   102  252     354     -2139.971213
   102  254     356     -2140.651337
   102  256     358     -2142.099931
   102  258     360     -2142.452831
   104  142     246     -1808.519325
   104  144     248     -1825.948602
   104  146     250     -1842.779491
   104  148     252     -1858.934573
   104  150     254     -1874.326758
   104  152     256     -1888.987172
   104  154     258     -1903.038404
   104  156     260     -1916.564463
   104  158     262     -1929.52073
   104  160     264     -1941.828037
   104  162     266     -1953.440175
   104  164     268     -1964.417258
   104  166     270     -1974.897132
   104  168     272     -1985.108745
   104  170     274     -1995.142167
   104  172     276     -2004.902775
   104  174     278     -2014.306623
   104  176     280     -2023.937883
   104  178     282     -2033.648562
   104  180     284     -2043.001877
   104  182     286     -2052.425708
   104  184     288     -2061.539466
   104  186     290     -2067.423798
   104  188     292     -2072.43372
   104  190     294     -2078.251248
   104  192     296     -2084.645842
   104  194     298     -2090.937516
   104  196     300     -2097.373753
   104  198     302     -2103.793398
   104  200     304     -2110.016161
   104  202     306     -2115.980399
   104  204     308     -2121.618406
   104  206     310     -2126.890076
   104  208     312     -2131.810134
   104  210     314     -2136.424857
   104  212     316     -2140.782355
   104  214     318     -2144.85615
   104  216     320     -2148.526776
   104  218     322     -2151.732962
   104  220     324     -2154.558832
   104  222     326     -2157.135712
   104  224     328     -2159.512781
   104  226     330     -2161.659505
   104  228     332     -2163.49994
   104  230     334     -2164.978347
   104  232     336     -2166.131719
   104  234     338     -2167.060271
   104  236     340     -2167.901322
   104  238     342     -2168.598025
   104  240     344     -2169.141876
   104  242     346     -2169.659388
   104  244     348     -2170.000925
   104  246     350     -2170.436894
   104  248     352     -2171.368257
   104  250     354     -2172.283133
   104  252     356     -2173.161551
   104  254     358     -2174.059298
   104  256     360     -2175.81584
   104  258     362     -2176.514238
   106  146     252     -1843.560193
   106  148     254     -1860.608458
   106  150     256     -1876.95347
   106  152     258     -1892.543395
   106  154     260     -1907.479821
   106  156     262     -1921.884406
   106  158     264     -1935.767879
   106  160     266     -1949.060668
   106  162     268     -1961.595572
   106  164     270     -1973.367846
   106  166     272     -1984.570338
   106  168     274     -1995.479881
   106  170     276     -2006.154327
   106  172     278     -2016.488482
   106  174     280     -2026.408728
   106  176     282     -2036.504685
   106  178     284     -2046.827312
   106  180     286     -2056.790629
   106  182     288     -2066.780737
   106  184     290     -2076.419498
   106  186     292     -2082.89402
   106  188     294     -2088.495646
   106  190     296     -2094.701614
   106  192     298     -2101.429806
   106  194     300     -2108.264158
   106  196     302     -2115.142463
   106  198     304     -2122.023525
   106  200     306     -2128.766631
   106  202     308     -2135.252508
   106  204     310     -2141.448211
   106  206     312     -2147.311058
   106  208     314     -2152.835827
   106  210     316     -2158.061667
   106  212     318     -2163.023831
   106  214     320     -2167.702299
   106  216     322     -2172.00948
   106  218     324     -2175.878502
   106  220     326     -2179.357118
   106  222     328     -2182.554679
   106  224     330     -2185.524272
   106  226     332     -2188.252435
   106  228     334     -2190.660701
   106  230     336     -2192.679453
   106  232     338     -2194.33709
   106  234     340     -2195.750798
   106  236     342     -2197.001096
   106  238     344     -2198.121823
   106  240     346     -2199.127686
   106  242     348     -2199.992727
   106  244     350     -2200.654423
   106  246     352     -2201.239298
   106  248     354     -2202.5826
   106  250     356     -2203.903942
   106  252     358     -2205.176813
   106  254     360     -2206.417049
   106  256     362     -2208.460596
   106  258     364     -2209.493349
   108  150     258     -1877.84679
   108  152     260     -1894.350818
   108  154     262     -1910.16687
   108  156     264     -1925.454882
   108  158     266     -1940.259078
   108  160     268     -1954.524774
   108  162     270     -1967.99117
   108  164     272     -1980.562734
   108  166     274     -1992.501056
   108  168     276     -2004.117274
   108  170     278     -2015.449127
   108  172     280     -2026.393192
   108  174     282     -2036.858415
   108  176     284     -2047.657583
   108  178     286     -2058.626445
   108  180     288     -2069.238866
   108  182     290     -2079.875501
   108  184     292     -2090.035055
   108  186     294     -2097.10704
   108  188     296     -2103.310671
   108  190     298     -2109.858127
   108  192     300     -2116.996628
   108  194     302     -2124.280364
   108  196     304     -2131.598856
   108  198     306     -2138.877629
   108  200     308     -2146.048874
   108  202     310     -2153.025045
   108  204     312     -2159.742918
   108  206     314     -2166.148847
   108  208     316     -2172.235378
   108  210     318     -2178.024519
   108  212     320     -2183.55376
   108  214     322     -2188.816309
   108  216     324     -2193.744583
   108  218     326     -2198.27316
   108  220     328     -2202.406218
   108  222     330     -2206.228227
   108  224     332     -2209.797571
   108  226     334     -2213.125024
   108  228     336     -2216.141332
   108  230     338     -2218.761259
   108  232     340     -2220.986269
   108  234     342     -2222.913888
   108  236     344     -2224.627091
   108  238     346     -2226.162195
   108  240     348     -2227.558827
   108  242     350     -2228.806995
   108  244     352     -2229.82202
   108  246     354     -2230.778934
   108  248     356     -2232.559572
   108  250     358     -2234.314272
   108  252     360     -2236.014736
   108  254     362     -2237.621528
   108  256     364     -2240.041342
   108  258     366     -2241.383725
   110  154     264     -1910.254797
   110  156     266     -1926.384081
   110  158     268     -1942.079061
   110  160     270     -1957.310052
   110  162     272     -1971.744519
   110  164     274     -1985.206231
   110  166     276     -1998.012645
   110  168     278     -2010.495471
   110  170     280     -2022.651942
   110  172     282     -2034.352599
   110  174     284     -2045.55091
   110  176     286     -2057.399862
   110  178     288     -2069.048228
   110  180     290     -2080.340758
   110  182     292     -2091.699198
   110  184     294     -2102.374792
   110  186     296     -2110.054052
   110  188     298     -2116.869566
   110  190     300     -2123.747447
   110  192     302     -2131.263042
   110  194     304     -2138.979254
   110  196     306     -2146.724848
   110  198     308     -2154.407707
   110  200     310     -2161.965741
   110  202     312     -2169.340512
   110  204     314     -2176.485954
   110  206     316     -2183.348271
   110  208     318     -2189.885982
   110  210     320     -2196.118015
   110  212     322     -2202.077107
   110  214     324     -2207.786526
   110  216     326     -2213.209819
   110  218     328     -2218.283621
   110  220     330     -2222.986329
   110  222     332     -2227.365301
   110  224     334     -2231.489563
   110  226     336     -2235.388884
   110  228     338     -2239.026115
   110  230     340     -2242.304182
   110  232     342     -2245.189232
   110  234     344     -2247.735818
   110  236     346     -2250.0189
   110  238     348     -2252.113495
   110  240     350     -2254.074633
   110  242     352     -2255.885805
   110  244     354     -2257.441491
   110  246     356     -2259.084823
   110  248     358     -2261.3243
   110  250     360     -2263.52552
   110  252     362     -2265.672774
   110  254     364     -2267.823672
   110  256     366     -2270.527066
   110  258     368     -2272.178712
   112  158     270     -1942.154822
   112  160     272     -1958.342645
   112  162     274     -1973.739397
   112  164     276     -1988.097064
   112  166     278     -2001.778645
   112  168     280     -2015.102739
   112  170     282     -2028.041983
   112  172     284     -2040.535235
   112  174     286     -2052.959282
   112  176     288     -2065.733327
   112  178     290     -2078.07889
   112  180     292     -2090.07585
   112  182     294     -2102.184412
   112  184     296     -2113.374469
   112  186     298     -2121.674174
   112  188     300     -2129.114554
   112  190     302     -2136.418728
   112  192     304     -2144.24551
   112  194     306     -2152.366106
   112  196     308     -2160.504898
   112  198     310     -2168.563404
   112  200     312     -2176.48219
   112  202     314     -2184.228191
   112  204     316     -2191.763504
   112  206     318     -2199.042035
   112  208     320     -2206.016643
   112  210     322     -2212.682561
   112  212     324     -2219.081685
   112  214     326     -2225.244454
   112  216     328     -2231.170107
   112  218     330     -2236.79708
   112  220     332     -2242.077657
   112  222     334     -2247.028256
   112  224     336     -2251.715821
   112  226     338     -2256.186791
   112  228     340     -2260.424179
   112  230     342     -2264.355416
   112  232     344     -2267.902345
   112  234     346     -2271.064182
   112  236     348     -2273.923869
   112  238     350     -2276.603256
   112  240     352     -2279.182707
   112  242     354     -2281.627866
   112  244     356     -2283.828659
   112  246     358     -2286.177598
   112  248     360     -2288.888395
   112  250     362     -2291.534772
   112  252     364     -2294.136708
   112  254     366     -2296.900281
   112  256     368     -2299.881256
   112  258     370     -2301.831539
   114  162     276     -1974.083342
   114  164     278     -1989.314754
   114  166     280     -2003.859014
   114  168     282     -2018.022625
   114  170     284     -2031.788053
   114  172     286     -2045.404275
   114  174     288     -2059.153569
   114  176     290     -2072.661924
   114  178     292     -2085.692933
   114  180     294     -2098.34208
   114  182     296     -2111.093669
   114  184     298     -2122.808617
   114  186     300     -2131.731862
   114  188     302     -2139.805368
   114  190     304     -2147.754521
   114  192     306     -2155.916433
   114  194     308     -2164.427659
   114  196     310     -2172.932844
   114  198     312     -2181.328883
   114  200     314     -2189.584057
   114  202     316     -2197.680323
   114  204     318     -2205.599147
   114  206     320     -2213.300671
   114  208     322     -2220.741571
   114  210     324     -2227.882018
   114  212     326     -2234.757373
   114  214     328     -2241.415442
   114  216     330     -2247.856916
   114  218     332     -2254.043087
   114  220     334     -2259.904801
   114  222     336     -2265.450849
   114  224     338     -2270.731478
   114  226     340     -2275.802763
   114  228     342     -2280.65256
   114  230     344     -2285.211209
   114  232     346     -2289.40729
   114  234     348     -2293.186346
   114  236     350     -2296.632568
   114  238     352     -2299.900316
   114  240     354     -2303.066637
   114  242     356     -2306.06463
   114  244     358     -2308.785273
   114  246     360     -2312.039921
   114  248     362     -2315.197757
   114  250     364     -2318.269885
   114  252     366     -2321.281379
   114  254     368     -2324.514251
   114  256     370     -2327.780951
   114  258     372     -2330.027175
   114  260     374     -2330.060348
   116  166     282     -2004.410611
   116  168     284     -2019.486444
   116  170     286     -2034.324699
   116  172     288     -2049.356263
   116  174     290     -2063.896662
   116  176     292     -2078.128844
   116  178     294     -2091.795086
   116  180     296     -2104.924701
   116  182     298     -2118.116596
   116  184     300     -2130.386126
   116  186     302     -2139.952326
   116  188     304     -2148.672251
   116  190     306     -2157.259688
   116  192     308     -2166.069443
   116  194     310     -2175.010873
   116  196     312     -2183.895745
   116  198     314     -2192.659659
   116  200     316     -2201.28114
   116  202     318     -2209.749649
   116  204     320     -2218.054711
   116  206     322     -2226.185184
   116  208     324     -2234.100333
   116  210     326     -2241.737938
   116  212     328     -2249.102185
   116  214     330     -2256.24744
   116  216     332     -2263.195821
   116  218     334     -2269.9059
   116  220     336     -2276.319965
   116  222     338     -2282.43737
   116  224     340     -2288.302708
   116  226     342     -2293.957079
   116  228     344     -2299.406077
   116  230     346     -2304.603742
   116  232     348     -2309.407296
   116  234     350     -2313.781562
   116  236     352     -2317.822323
   116  238     354     -2321.670049
   116  240     356     -2325.390334
   116  242     358     -2328.909961
   116  244     360     -2332.770101
   116  246     362     -2336.522995
   116  248     364     -2340.092979
   116  250     366     -2343.510204
   116  252     368     -2346.755682
   116  254     370     -2350.115335
   116  256     372     -2353.698952
   116  258     374     -2356.282902
   116  260     376     -2356.771044
   118  168     286     -2019.648611
   118  170     288     -2035.987446
   118  172     290     -2051.765387
   118  174     292     -2067.047595
   118  176     294     -2081.946973
   118  178     296     -2096.168074
   118  180     298     -2109.750515
   118  182     300     -2123.322304
   118  184     302     -2136.167346
   118  186     304     -2146.38163
   118  188     306     -2155.748676
   118  190     308     -2165.02314
   118  192     310     -2174.513067
   118  194     312     -2183.875488
   118  196     314     -2193.191304
   118  198     316     -2202.417909
   118  200     318     -2211.495613
   118  202     320     -2220.403884
   118  204     322     -2229.134934
   118  206     324     -2237.721866
   118  208     326     -2246.157001
   118  210     328     -2254.292677
   118  212     330     -2262.139368
   118  214     332     -2269.765333
   118  216     334     -2277.201387
   118  218     336     -2284.396179
   118  220     338     -2291.304711
   118  222     340     -2297.937418
   118  224     342     -2304.289197
   118  226     344     -2310.460129
   118  228     346     -2316.432524
   118  230     348     -2322.174646
   118  232     350     -2327.533051
   118  234     352     -2332.506952
   118  236     354     -2337.179496
   118  238     356     -2341.66637
   118  240     358     -2346.000324
   118  242     360     -2350.705131
   118  244     362     -2355.16682
   118  246     364     -2359.342495
   118  248     366     -2363.272842
   118  250     368     -2366.99605
   118  252     370     -2370.520507
   118  254     372     -2374.034064
   118  256     374     -2377.953083
   118  258     376     -2380.879752
   118  260     378     -2381.824671
   118  262     380     -2381.892096
   118  268     386     -2381.791502
   118  270     388     -2381.93004
   118  272     390     -2382.138101
   118  274     392     -2382.369752
   118  276     394     -2382.602425
   118  278     396     -2382.792592
   118  280     398     -2383.028427
   118  282     400     -2383.301329
   118  284     402     -2383.486983
   118  286     404     -2383.568289
   120  172     292     -2052.056833
   120  174     294     -2068.053212
   120  176     296     -2083.654866
   120  178     298     -2098.564529
   120  180     300     -2112.87184
   120  182     302     -2127.101288
   120  184     304     -2140.519109
   120  186     306     -2151.375213
   120  188     308     -2161.388949
   120  190     310     -2171.249226
   120  192     312     -2181.240714
   120  194     314     -2191.148214
   120  196     316     -2200.894433
   120  198     318     -2210.444014
   120  200     320     -2219.92536
   120  202     322     -2229.320754
   120  204     324     -2238.654233
   120  206     326     -2247.924301
   120  208     328     -2256.911052
   120  210     330     -2265.552385
   120  212     332     -2273.895284
   120  214     334     -2282.005428
   120  216     336     -2289.919317
   120  218     338     -2297.596011
   120  220     340     -2304.970615
   120  222     342     -2312.02954
   120  224     344     -2318.842509
   120  226     346     -2325.459364
   120  228     348     -2331.893644
   120  230     350     -2338.088534
   120  232     352     -2343.956661
   120  234     354     -2349.506958
   120  236     356     -2354.837336
   120  238     358     -2360.155115
   120  240     360     -2365.487316
   120  242     362     -2370.627233
   120  244     364     -2375.521348
   120  246     366     -2380.114673
   120  248     368     -2384.475005
   120  250     370     -2388.641642
   120  252     372     -2392.638355
   120  254     374     -2396.595257
   120  256     376     -2400.864764
   120  258     378     -2404.141207
   120  260     380     -2405.542726
   120  262     382     -2406.076955
   120  264     384     -2406.529303
   120  266     386     -2406.870786
   120  268     388     -2407.157875
   120  270     390     -2407.457832
   120  272     392     -2407.831435
   120  274     394     -2408.314733
   120  276     396     -2408.852002
   120  278     398     -2409.634157
   120  280     400     -2410.444413
   120  282     402     -2411.093494
   120  284     404     -2411.607057
   120  286     406     -2412.015652
   120  288     408     -2412.311801
   120  290     410     -2412.46543


