   1   0   1   1        0.000000
   2   1   1   2        2.224566
   3   2   1   3        8.481795
   4   1   2   3        7.718040
   5   3   1   4        6.880000
   6   2   2   4       28.295660
   7   1   3   4        4.600000
   8   4   1   5        6.680000
   9   3   2   5       27.560000
  10   2   3   5       26.330000
  11   5   1   6        5.760000
  12   4   2   6       29.271114
  13   3   3   6       31.993986
  14   2   4   6       26.923200
  15   5   2   7       28.861700
  16   4   3   7       39.245073
  17   3   4   7       37.600836
  18   2   5   7       24.913000
  19   6   2   8       31.396160
  20   5   3   8       41.277696
  21   4   4   8       56.499480
  22   3   5   8       37.737200
  23   2   6   8       24.812000
  24   7   2   9       30.141000
  25   6   3   9       45.339912
  26   5   4   9       58.164012
  27   4   5   9       56.313630
  28   3   6   9       39.036780
  29   8   2  10       29.950000
  30   7   3  10       45.314000
  31   6   4  10       64.976300
  32   5   5  10       64.750830
  33   4   6  10       60.320420
  34   3   7  10       36.400000
  35   8   3  11       45.709180
  36   7   4  11       65.477940
  37   6   5  11       76.205052
  38   5   6  11       73.441016
  39   4   7  11       59.004000
  40   9   3  12       45.499200
  41   8   4  12       68.648640
  42   7   5  12       79.574640
  43   6   6  12       92.161728
  44   5   7  12       74.041320
  45   4   8  12       58.682400
  46  10   3  13       45.604000
  47   9   4  13       68.138200
  48   8   5  13       84.453460
  49   7   6  13       97.108037
  50   6   7  13       94.105219
  51   5   8  13       75.553400
  52  10   4  14       69.916000
  53   9   5  14       85.422400
  54   8   6  14      105.284466
  55   7   7  14      104.658596
  56   6   8  14       98.731892
  57   5   9  14       73.992800
  58  11   4  15       68.115000
  59  10   5  15       88.200000
  60   9   6  15      106.502550
  61   8   7  15      115.491900
  62   7   8  15      111.955350
  63   6   9  15       97.462500
  64   5  10  15       73.035000
  65  12   4  16       68.560000
  66  11   5  16       88.116800
  67  10   6  16      110.752800
  68   9   7  16      117.980800
  69   8   8  16      127.619296
  70   7   9  16      111.419200
  71   6  10  16       97.331200
  72  12   5  17       89.590000
  73  11   6  17      111.486000
  74  10   7  17      123.865400
  75   9   8  17      131.762376
  76   8   9  17      128.219576
  77   7  10  17      112.888483
  78   6  11  17       93.500000
  79  13   5  18       89.586000
  80  12   6  18      115.669800
  81  11   7  18      126.694800
  82  10   8  18      139.807746
  83   9   9  18      137.369484
  84   8  10  18      132.142626
  85   7  11  18      111.636000
  86  14   5  19       89.680000
  87  13   6  19      116.242000
  88  12   7  19      132.021500
  89  11   8  19      143.763310
  90  10   9  19      147.801342
  91   9  10  19      143.779517
  92   8  11  19      131.820100
  93   7  12  19      112.138000
  94  14   6  20      119.220000
  95  13   7  20      134.180000
  96  12   8  20      151.371400
  97  11   9  20      154.402680
  98  10  10  20      160.644800
  99   9  11  20      145.970000
 100   8  12  20      134.560400
 101  14   7  21      138.789000
 102  13   8  21      155.177400
 103  12   9  21      162.504090
 104  11  10  21      167.405973
 105  10  11  21      163.076487
 106   9  12  21      149.205630
 107  16   6  22      119.262000
 108  15   7  22      140.338000
 109  14   8  22      162.027800
 110  13   9  22      167.734600
 111  12  10  22      177.770230
 112  11  11  22      174.144674
 113  10  12  22      168.580742
 114  16   7  23      143.451000
 115  15   8  23      164.749000
 116  14   9  23      175.312900
 117  13  10  23      182.970888
 118  12  11  23      186.564339
 119  11  12  23      181.725645
 120  10  13  23      168.721721
 121  16   8  24      168.960000
 122  15   9  24      179.136000
 123  14  10  24      191.839800
 124  13  11  24      193.523712
 125  12  12  24      198.257016
 126  11  13  24      183.589968
 127  10  14  24      172.012800
 128  17   8  25      168.200000
 129  16   9  25      183.400000
 130  15  10  25      195.995000
 131  14  11  25      202.535000
 132  13  12  25      205.587550
 133  12  13  25      200.528400
 134  11  14  25      187.002500
 135  18   8  26      168.922000
 136  17   9  26      184.158000
 137  16  10  26      201.549400
 138  15  11  26      208.109200
 139  14  12  26      216.680620
 140  13  13  26      211.893890
 141  12  14  26      206.042408
 142  18   9  27      185.436000
 143  17  10  27      203.040000
 144  16  11  27      214.837650
 145  15  12  27      223.124004
 146  14  13  27      224.951931
 147  13  14  27      219.357207
 148  12  15  27      206.911800
 149  19   9  28      185.220000
 150  18  10  28      206.864000
 151  17  11  28      218.380400
 152  16  12  28      231.627480
 153  15  13  28      232.677032
 154  14  14  28      236.536832
 155  13  15  28      221.409440
 156  12  16  28      209.412000
 157  20   9  29      186.876000
 158  19  10  29      207.843000
 159  18  11  29      222.782350
 160  17  12  29      235.282800
 161  16  13  29      242.105456
 162  15  14  29      245.010415
 163  14  15  29      239.285844
 164  13  16  29      224.706500
 165  12  17  29      207.611000
 166  20  10  30      211.050000
 167  19  11  30      225.059100
 168  18  12  30      241.635300
 169  17  13  30      247.833900
 170  16  14  30      255.619620
 171  15  15  30      250.605180
 172  14  16  30      243.681210
 173  21  10  31      211.203000
 174  20  11  31      229.359700
 175  19  12  31      243.944890
 176  18  13  31      254.991120
 177  17  14  31      262.207021
 178  16  15  31      262.916177
 179  15  16  31      256.735800
 180  14  17  31      243.945510
 181  21  11  32      231.036800
 182  20  12  32      249.722880
 183  19  13  32      259.210880
 184  18  14  32      271.406976
 185  17  15  32      270.851840
 186  16  16  32      271.780128
 187  15  17  32      258.316928
 188  14  18  32      246.400320
 189  22  11  33      233.970000
 190  21  12  33      252.002850
 191  20  13  33      264.680460
 192  19  14  33      275.914947
 193  18  15  33      280.955730
 194  17  16  33      280.421790
 195  16  17  33      274.056915
 196  15  18  33      261.655515
 197  23  11  34      234.124000
 198  22  12  34      256.713600
 199  21  13  34      267.254620
 200  20  14  34      283.427400
 201  19  15  34      287.238290
 202  18  16  34      291.838932
 203  17  17  34      285.564980
 204  16  18  34      278.720848
 205  23  12  35      257.460000
 206  22  13  35      272.549200
 207  21  14  35      285.936000
 208  20  15  35      295.618750
 209  19  16  35      298.824750
 210  18  17  35      298.209730
 211  17  18  35      291.461135
 212  16  19  35      278.804400
 213  24  12  36      260.784000
 214  23  13  36      274.464000
 215  22  14  36      292.050000
 216  21  15  36      299.084400
 217  20  16  36      308.714004
 218  19  17  36      306.789516
 219  18  18  36      306.716724
 220  17  19  36      293.119884
 221  16  20  36      281.372400
 222  25  12  37      261.035000
 223  24  13  37      278.647000
 224  23  14  37      294.261000
 225  22  15  37      305.901200
 226  21  16  37      313.017595
 227  20  17  37      317.100397
 228  19  18  37      315.504143
 229  18  19  37      308.574339
 230  17  20  37      296.127872
 231  25  13  38      280.326000
 232  24  14  38      299.926400
 233  23  15  38      309.597400
 234  22  16  38      321.053640
 235  21  17  38      323.208278
 236  20  18  38      327.342640
 237  19  19  38      320.646204
 238  18  20  38      313.121634
 239  25  14  39      301.509000
 240  24  15  39      315.822000
 241  23  16  39      325.427700
 242  22  17  39      331.281600
 243  21  18  39      333.941400
 244  20  19  39      333.723975
 245  19  20  39      326.417130
 246  18  21  39      312.526500
 247  26  14  40      306.480000
 248  25  15  40      319.240000
 249  24  16  40      333.172800
 250  23  17  40      337.112000
 251  22  18  40      343.810360
 252  21  19  40      341.523600
 253  20  20  40      342.052120
 254  19  21  40      326.946800
 255  18  22  40      314.480000
 256  27  14  41      307.869000
 257  26  15  41      324.170600
 258  25  16  41      337.415240
 259  24  17  41      344.933000
 260  23  18  41      349.909252
 261  22  19  41      351.618952
 262  21  20  41      350.414946
 263  20  21  41      343.137118
 264  19  22  41      329.410400
 265  27  15  42      326.256000
 266  26  16  42      344.115660
 267  25  17  42      350.527800
 268  24  18  42      359.335620
 269  23  19  42      359.152752
 270  22  20  42      361.895646
 271  21  21  42      354.687186
 272  20  22  42      346.888374
 273  28  15  43      330.670000
 274  27  16  43      346.744690
 275  26  17  43      357.927700
 276  25  18  43      364.994320
 277  24  19  43      368.777460
 278  23  20  43      369.828509
 279  22  21  43      366.825260
 280  21  22  43      359.175990
 281  20  23  43      346.988500
 282  28  16  44      351.824440
 283  27  17  44      362.208000
 284  26  18  44      373.728960
 285  25  19  44      376.054844
 286  24  20  44      380.959700
 287  23  21  44      376.524720
 288  22  22  44      375.474880
 289  21  23  44      361.240000
 290  29  16  45      354.690000
 291  28  17  45      368.190000
 292  27  18  45      378.897840
 293  26  19  45      384.960330
 294  25  20  45      388.374525
 295  24  21  45      387.851895
 296  23  22  45      385.007490
 297  22  23  45      377.101305
 298  21  24  45      363.946500
 299  29  17  46      371.818000
 300  28  18  46      386.971274
 301  27  19  46      391.829932
 302  26  20  46      398.773080
 303  25  21  46      396.612552
 304  24  22  46      398.196746
 305  23  23  46      390.361980
 306  22  24  46      381.975720
 307  29  18  47      390.635988
 308  28  19  47      400.199313
 309  27  20  47      406.049450
 310  26  21  47      407.259230
 311  25  22  47      407.077669
 312  24  23  47      403.364575
 313  23  24  47      395.138400
 314  22  25  47      382.359100
 315  30  18  48      395.616000
 316  29  19  48      404.843136
 317  28  20  48      416.000928
 318  27  21  48      415.497600
 319  26  22  48      418.704288
 320  25  23  48      413.906928
 321  24  24  48      411.468960
 322  23  25  48      397.161120
 323  30  19  49      410.241426
 324  29  20  49      421.147356
 325  28  21  49      425.626740
 326  27  22  49      426.846693
 327  26  23  49      425.462492
 328  25  24  49      422.051210
 329  24  25  49      413.556570
 330  23  26  49      399.903700
 331  31  19  50      414.429000
 332  30  20  50      427.508000
 333  29  21  50      431.685000
 334  28  22  50      437.785900
 335  27  23  50      434.795900
 336  26  24  50      435.051600
 337  25  25  50      426.634800
 338  24  26  50      417.701500
 339  32  19  51      419.288850
 340  31  20  51      432.322563
 341  30  21  51      438.436800
 342  29  22  51      444.158388
 343  28  23  51      445.847049
 344  27  24  51      444.312255
 345  26  25  51      440.322372
 346  25  26  51      431.498760
 347  24  27  51      417.858300
 348  33  19  52      421.980000
 349  32  20  52      438.327812
 350  31  21  52      443.721200
 351  30  22  52      451.966840
 352  29  23  52      453.158264
 353  28  24  52      456.351428
 354  27  25  52      450.857160
 355  26  26  52      447.697640
 356  25  27  52      432.946280
 357  34  19  53      425.208400
 358  33  20  53      441.521800
 359  32  21  53      450.256200
 360  31  22  53      457.400600
 361  30  23  53      461.636890
 362  29  24  53      464.290494
 363  28  25  53      462.911275
 364  27  26  53      458.386400
 365  26  27  53      449.315980
 366  25  28  53      435.506300
 367  34  20  54      445.365000
 368  33  21  54      453.330000
 369  32  22  54      464.259600
 370  31  23  54      467.750160
 371  30  24  54      474.009570
 372  29  25  54      471.850110
 373  28  26  54      471.764628
 374  27  27  54      462.737718
 375  26  28  54      453.223620
 376  34  21  55      457.655000
 377  33  22  55      468.380000
 378  32  23  55      475.073500
 379  31  24  55      480.255820
 380  30  25  55      482.076210
 381  29  26  55      481.062725
 382  28  27  55      476.828990
 383  27  28  55      467.352600
 384  26  29  55      452.870000
 385  35  21  56      460.432000
 386  34  22  56      474.101600
 387  33  23  56      480.144000
 388  32  24  56      488.502448
 389  31  25  56      489.346648
 390  30  26  56      492.259824
 391  29  27  56      486.910816
 392  28  28  56      483.995624
 393  27  29  56      467.948880
 394  36  21  57      464.607000
 395  35  22  57      476.748000
 396  34  23  57      486.483600
 397  33  24  57      493.813458
 398  32  25  57      497.992641
 399  31  26  57      499.905903
 400  30  27  57      498.287274
 401  29  28  57      494.243181
 402  28  29  57      484.685934
 403  35  23  58      490.546600
 404  34  24  58      501.351884
 405  33  25  58      504.405120
 406  32  26  58      509.950500
 407  31  27  58      506.860202
 408  30  28  58      506.459422
 409  29  29  58      497.116086
 410  28  30  58      486.962200
 411  36  23  59      496.048400
 412  35  24  59      505.512000
 413  34  25  59      512.174280
 414  33  26  59      516.531489
 415  32  27  59      517.314065
 416  31  28  59      515.458692
 417  30  29  59      509.878000
 418  29  30  59      499.952843
 419  37  23  60      499.500000
 420  36  24  60      512.160000
 421  35  25  60      517.688400
 422  34  26  60      525.351000
 423  33  27  60      524.805960
 424  32  28  60      526.846440
 425  31  29  60      519.936120
 426  30  30  60      514.983000
 427  38  23  61      504.836000
 428  37  24  61      516.047800
 429  36  25  61      524.533510
 430  35  26  61      530.929970
 431  34  27  61      534.125028
 432  33  28  61      534.666525
 433  32  29  61      531.646354
 434  31  30  61      525.228910
 435  30  31  61      515.230400
 436  38  24  62      522.542200
 437  37  25  62      529.387000
 438  36  26  62      538.958560
 439  35  27  62      540.722460
 440  34  28  62      545.262286
 441  33  29  62      540.521022
 442  32  30  62      538.119266
 443  31  31  62      528.155804
 444  39  24  63      525.735000
 445  38  25  63      535.821300
 446  37  26  63      543.787650
 447  36  27  63      549.220770
 448  35  28  63      552.100059
 449  34  29  63      551.384694
 450  33  30  63      547.235955
 451  32  31  63      540.787338
 452  31  32  63      530.378100
 453  40  24  64      531.264000
 454  39  25  64      539.994880
 455  38  26  64      551.192960
 456  37  27  64      555.232000
 457  36  28  64      561.757504
 458  35  29  64      559.300800
 459  34  30  64      559.097920
 460  33  31  64      551.144384
 461  32  32  64      545.844480
 462  40  25  65      546.044200
 463  39  26  65      555.512750
 464  38  27  65      562.697200
 465  37  28  65      567.855600
 466  36  29  65      569.211240
 467  35  30  65      567.077225
 468  34  31  65      563.040400
 469  33  32  65      556.078900
 470  32  33  65      545.753000
 471  41  25  66      549.898800
 472  40  26  66      562.433520
 473  39  27  66      567.992040
 474  38  28  66      576.807528
 475  37  29  66      576.277152
 476  36  30  66      578.135712
 477  35  31  66      572.177826
 478  34  32  66      569.279040
 479  33  33  66      558.914400
 480  41  26  67      566.016000
 481  40  27  67      574.976580
 482  39  28  67      582.615250
 483  38  29  67      585.409686
 484  37  30  67      585.188184
 485  36  31  67      583.404577
 486  35  32  67      578.401620
 487  34  33  67      571.548056
 488  33  34  67      560.756500
 489  42  26  68      572.016000
 490  41  27  68      579.659200
 491  40  28  68      590.407960
 492  39  29  68      591.728520
 493  38  30  68      595.386240
 494  37  31  68      591.682824
 495  36  32  68      590.793248
 496  35  33  68      581.926660
 497  34  34  68      576.439196
 498  42  27  69      586.079100
 499  41  28  69      594.993900
 500  40  29  69      599.969076
 501  39  30  69      601.868301
 502  38  31  69      601.995951
 503  37  32  69      598.986447
 504  36  33  69      594.214200
 505  35  34  69      586.755783
 506  34  35  69      575.798100
 507  42  28  70      602.300300
 508  41  29  70      605.280550
 509  40  30  70      611.086560
 510  39  31  70      609.649600
 511  38  32  70      610.519000
 512  37  33  70      603.519000
 513  36  34  70      600.322310
 514  35  35  70      589.036000
 515  44  27  71      596.329000
 516  43  28  71      606.564360
 517  42  29  71      613.086562
 518  41  30  71      616.921840
 519  40  31  71      618.949884
 520  39  32  71      617.934939
 521  38  33  71      615.139030
 522  37  34  71      609.610260
 523  36  35  71      602.183660
 524  35  36  71      591.224100
 525  44  28  72      613.455120
 526  43  29  72      618.229800
 527  42  30  72      625.809960
 528  41  31  72      625.470408
 529  40  32  72      628.685640
 530  39  33  72      623.547360
 531  38  34  72      622.403208
 532  37  35  72      612.814464
 533  36  36  72      606.911040
 534  45  28  73      617.408450
 535  44  29  73      625.505537
 536  43  30  73      631.329185
 537  42  31  73      634.652729
 538  41  32  73      635.468577
 539  40  33  73      634.341530
 540  39  34  73      630.833880
 541  38  35  73      625.471300
 542  37  36  73      617.593140
 543  45  29  74      630.595440
 544  44  30  74      639.563500
 545  43  31  74      641.074580
 546  42  32  74      645.664800
 547  41  33  74      642.320074
 548  40  34  74      642.890910
 549  39  35  74      635.183440
 550  38  36  74      631.444812
 551  37  37  74      620.246540
 552  46  29  75      637.131750
 553  45  30  75      644.437275
 554  44  31  75      649.560750
 555  43  32  75      652.170675
 556  42  33  75      652.565550
 557  41  34  75      650.918475
 558  40  35  75      647.073750
 559  39  36  75      641.508000
 560  38  37  75      633.620625
 561  37  38  75      622.237500
 562  47  29  76      641.708280
 563  46  30  76      652.252748
 564  45  31  76      655.463976
 565  44  32  76      661.597936
 566  43  33  76      659.894016
 567  42  34  76      662.072252
 568  41  35  76      656.326880
 569  40  36  76      654.269560
 570  39  37  76      644.952340
 571  38  38  76      637.936400
 572  47  30  77      656.810231
 573  46  31  77      663.231030
 574  45  32  77      667.669233
 575  44  33  77      669.590306
 576  43  34  77      669.491130
 577  42  35  77      667.344370
 578  41  36  77      663.496372
 579  40  37  77      657.375103
 580  39  38  77      649.565840
 581  49  29  78      651.378000
 582  48  30  78      663.575562
 583  47  31  78      669.015906
 584  46  32  78      676.389480
 585  45  33  78      676.561860
 586  44  34  78      679.988868
 587  43  35  78      675.632880
 588  42  36  78      675.576564
 589  41  37  78      667.551300
 590  40  38  78      663.007800
 591  49  30  79      667.595978
 592  48  31  79      675.928977
 593  47  32  79      682.125500
 594  46  33  79      685.452980
 595  45  34  79      686.951768
 596  44  35  79      686.319926
 597  43  36  79      683.911690
 598  42  37  79      679.490218
 599  41  38  79      673.381780
 600  40  39  79      664.943000
 601  50  30  80      673.883200
 602  49  31  80      680.676000
 603  48  32  80      690.205600
 604  47  33  80      692.102400
 605  46  34  80      696.865040
 606  45  35  80      694.212240
 607  44  36  80      695.434240
 608  43  37  80      688.934000
 609  42  38  80      686.288000
 610  41  39  80      676.342400
 611  51  30  81      676.506330
 612  50  31  81      687.152160
 613  49  32  81      695.033298
 614  48  33  81      700.492860
 615  47  34  81      703.565919
 616  46  35  81      704.371626
 617  45  36  81      703.308420
 618  44  37  81      700.286310
 619  43  38  81      695.575350
 620  42  39  81      688.977900
 621  41  40  81      679.946400
 622  52  30  82      680.691840
 623  51  31  82      690.526018
 624  50  32  82      702.227992
 625  49  33  82      706.135620
 626  48  34  82      712.842072
 627  47  35  82      711.964508
 628  46  36  82      714.275350
 629  45  37  82      709.089260
 630  44  38  82      708.129040
 631  43  39  82      699.400960
 632  42  40  82      694.185760
 633  52  31  83      694.923310
 634  51  32  83      705.860635
 635  50  33  83      713.770950
 636  49  34  83      718.660480
 637  48  35  83      721.550540
 638  47  36  83      721.745507
 639  46  37  83      720.043094
 640  45  38  83      716.988030
 641  44  39  83      711.613780
 642  43  40  83      704.537200
 643  42  41  83      695.398900
 644  52  32  84      711.103680
 645  51  33  84      718.026960
 646  50  34  84      727.338612
 647  49  35  84      728.389200
 648  48  36  84      732.265464
 649  47  37  84      728.802816
 650  46  38  84      728.911008
 651  45  39  84      721.373520
 652  44  40  84      718.118520
 653  43  41  84      707.133000
 654  53  32  85      714.150450
 655  52  33  85      723.433300
 656  51  34  85      731.875500
 657  50  35  85      737.255150
 658  49  36  85      739.377770
 659  48  37  85      739.282485
 660  47  38  85      737.436200
 661  46  39  85      733.392750
 662  45  40  85      727.943400
 663  44  41  85      720.265350
 664  43  42  85      710.713050
 665  54  32  86      718.530000
 666  53  33  86      727.277920
 667  52  34  86      738.036692
 668  51  35  86      742.383820
 669  50  36  86      749.234494
 670  49  37  86      747.933400
 671  48  38  86      748.927216
 672  47  39  86      742.904980
 673  46  40  86      740.808300
 674  45  41  86      731.190920
 675  44  42  86      725.385060
 676  54  33  87      732.004950
 677  53  34  87      742.030917
 678  52  35  87      748.714170
 679  51  36  87      754.749621
 680  50  37  87      757.855521
 681  49  38  87      757.355532
 682  48  39  87      754.711428
 683  47  40  87      750.257550
 684  46  41  87      744.003120
 685  45  42  87      736.230540
 686  44  43  87      726.253380
 687  54  34  88      747.560000
 688  53  35  88      753.610000
 689  52  36  88      761.802712
 690  51  37  88      763.938120
 691  50  38  88      768.468360
 692  49  39  88      764.063432
 693  48  40  88      762.610640
 694  47  41  88      754.371200
 695  46  42  88      750.104080
 696  45  43  88      738.320000
 697  55  34  89      750.739920
 698  54  35  89      759.239420
 699  53  36  89      766.718535
 700  52  37  89      771.112910
 701  51  38  89      774.827058
 702  50  39  89      775.544042
 703  49  40  89      771.929040
 704  48  41  89      766.896090
 705  47  42  89      760.503220
 706  46  43  89      752.100730
 707  56  34  90      755.640000
 708  55  35  90      763.037100
 709  54  36  90      773.213310
 710  53  37  90      776.835900
 711  52  38  90      782.637480
 712  51  39  90      782.401050
 713  50  40  90      783.897210
 714  49  41  90      777.004200
 715  48  42  90      773.732700
 716  47  43  90      763.502310
 717  46  44  90      756.879300
 718  57  34  91      758.485000
 719  56  35  91      768.214720
 720  55  36  91      777.299341
 721  54  37  91      783.287960
 722  53  38  91      788.412170
 723  52  39  91      790.329631
 724  51  40  91      791.091574
 725  50  41  91      789.051900
 726  49  42  91      783.840330
 727  48  43  91      776.835605
 728  47  44  91      768.306448
 729  57  35  92      771.411720
 730  56  36  92      783.166008
 731  55  37  92      788.386640
 732  54  38  92      795.699720
 733  53  39  92      796.866280
 734  52  40  92      799.726376
 735  51  41  92      796.938224
 736  50  42  92      796.511160
 737  49  43  92      787.845680
 738  48  44  92      782.439116
 739  47  45  92      770.354640
 740  58  35  93      776.178000
 741  57  36  93      786.604044
 742  56  37  93      794.305560
 743  55  38  93      800.989470
 744  54  39  93      804.347700
 745  53  40  93      806.460660
 746  52  41  93      805.769112
 747  51  42  93      804.581037
 748  50  43  93      800.597661
 749  49  44  93      793.425966
 750  48  45  93      784.438725
 751  58  36  94      791.887020
 752  57  37  94      798.319816
 753  56  38  94      807.820396
 754  55  39  94      810.544140
 755  54  40  94      814.679294
 756  53  41  94      812.996694
 757  52  42  94      814.259302
 758  51  43  94      809.221560
 759  50  44  94      806.864040
 760  49  45  94      796.405600
 761  48  46  94      788.817920
 762  59  36  95      794.770000
 763  58  37  95      803.719950
 764  57  38  95      812.165450
 765  56  39  95      817.472150
 766  55  40  95      821.141240
 767  54  41  95      821.485140
 768  53  42  95      821.628400
 769  52  43  95      819.155550
 770  51  44  95      815.809650
 771  50  45  95      809.910150
 772  49  46  95      800.753100
 773  60  36  96      799.761600
 774  59  37  96      807.254400
 775  58  38  96      818.040960
 776  57  39  96      822.671040
 777  56  40  96      828.991392
 778  55  41  96      828.373056
 779  54  42  96      830.782752
 780  53  43  96      827.027520
 781  52  44  96      826.503552
 782  51  45  96      819.328320
 783  50  46  96      815.041920
 784  49  47  96      802.588800
 785  61  36  97      802.180300
 786  60  37  97      812.490042
 787  59  38  97      821.770420
 788  58  39  97      828.527440
 789  57  40  97      834.566563
 790  56  41  97      836.447490
 791  55  42  97      837.603924
 792  54  43  97      836.500840
 793  53  44  97      834.615063
 794  52  45  97      830.310300
 795  51  46  97      824.735710
 796  50  47  97      816.972800
 797  61  37  98      816.411540
 798  60  38  98      827.683500
 799  59  39  98      832.772640
 800  58  40  98      840.982100
 801  57  41  98      842.437400
 802  56  42  98      846.246464
 803  55  43  98      843.780000
 804  54  44  98      844.790380
 805  53  45  98      838.958400
 806  52  46  98      836.322200
 807  51  47  98      827.286600
 808  50  48  98      821.073400
 809  62  37  99      821.234700
 810  61  38  99      831.852450
 811  60  39  99      839.198250
 812  59  40  99      845.386740
 813  58  41  99      849.320010
 814  57  42  99      852.171903
 815  56  43  99      852.747390
 816  55  44  99      852.262488
 817  54  45  99      849.435840
 818  53  46  99      845.255070
 819  52  47  99      839.002230
 820  51  48  99      831.438927
 821  63  37 100      824.432000
 822  62  38 100      837.223000
 823  61  39 100      843.948000
 824  60  40 100      852.215000
 825  59  41 100      854.853000
 826  58  42 100      860.466200
 827  57  43 100      859.511800
 828  56  44 100      861.935900
 829  55  45 100      857.517000
 830  54  46 100      856.357000
 831  53  47 100      848.499000
 832  52  48 100      843.773700
 833  51  49 100      833.110000
 834  50  50 100      825.300000
 835  63  38 101      840.798740
 836  62  39 101      849.752390
 837  61  40 101      857.074890
 838  60  41 101      862.017830
 839  59  42 101      865.864415
 840  58  43 101      867.907140
 841  57  44 101      868.737865
 842  56  45 101      867.410220
 843  55  46 101      864.646860
 844  54  47 101      859.767550
 845  53  48 101      853.486865
 846  64  38 102      845.702400
 847  63  39 102      853.935840
 848  62  40 102      863.567700
 849  61  41 102      867.502656
 850  60  42 102      873.981900
 851  59  43 102      874.206300
 852  58  44 102      877.957554
 853  57  45 102      874.851960
 854  56  46 102      875.189580
 855  55  47 102      868.750320
 856  54  48 102      865.381362
 857  53  49 102      855.634140
 858  52  50 102      849.088800
 859  64  39 103      859.291920
 860  63  40 103      867.866670
 861  62  41 103      874.297990
 862  61  42 103      879.447990
 863  60  43 103      882.308300
 864  59  44 103      884.189595
 865  58  45 103      884.171776
 866  57  46 103      882.814957
 867  56  47 103      879.377950
 868  55  48 103      874.444662
 869  54  49 103      867.643160
 870  53  50 103      859.205400
 871  64  40 104      873.847520
 872  63  41 104      879.159736
 873  62  42 104      886.908880
 874  61  43 104      888.279600
 875  60  44 104      893.089496
 876  59  45 104      891.170696
 877  58  46 104      892.824192
 878  57  47 104      887.762720
 879  56  48 104      885.832688
 880  55  49 104      877.264960
 881  54  50 104      871.926640
 882  53  51 104      858.686400
 883  66  39 105      868.245000
 884  65  40 105      877.659300
 885  64  41 105      885.327450
 886  63  42 105      891.966600
 887  62  43 105      896.133000
 888  61  44 105      898.999500
 889  60  45 105      900.133920
 890  59  46 105      899.918250
 891  58  47 105      897.788850
 892  57  48 105      894.269460
 893  56  49 105      888.793500
 894  55  50 105      881.709150
 895  54  51 105      871.603950
 896  53  52 105      859.614000
 897  66  40 106      882.768000
 898  65  41 106      889.686620
 899  64  42 106      898.835480
 900  63  43 106      901.695360
 901  62  44 106      907.459640
 902  61  45 106      906.716580
 903  60  46 106      909.479152
 904  59  47 106      905.731734
 905  58  48 106      905.139088
 906  57  49 106      897.832720
 907  56  50 106      893.796240
 908  55  51 106      882.133060
 909  54  52 106      873.100800
 910  67  40 107      886.709000
 911  66  41 107      895.278630
 912  65  42 107      903.323960
 913  64  43 107      908.740300
 914  63  44 107      913.070590
 915  62  45 107      915.288700
 916  61  46 107      916.015658
 917  60  47 107      915.267300
 918  59  48 107      913.068557
 919  58  49 107      908.860140
 920  57  50 107      903.025430
 921  56  51 107      894.384110
 922  55  52 107      883.488300
 923  67  41 108      899.171280
 924  66  42 108      909.599760
 925  65  43 108      913.984560
 926  64  44 108      920.940840
 927  63  45 108      921.528360
 928  62  46 108      925.238484
 929  61  47 108      922.538700
 930  60  48 108      923.402052
 931  59  49 108      917.487000
 932  58  50 108      914.655240
 933  57  51 108      904.248360
 934  56  52 108      896.801760
 935  55  53 108      882.889200
 936  68  41 109      904.383900
 937  67  42 109      913.581320
 938  66  43 109      920.415620
 939  65  44 109      926.089070
 940  64  45 109      929.567260
 941  63  46 109      931.392138
 942  62  47 109      931.722735
 943  61  48 109      930.725276
 944  60  49 109      927.927900
 945  59  50 109      923.286680
 946  58  51 109      916.125380
 947  57  52 109      906.806970
 948  56  53 109      895.982180
 949  55  54 109      883.695700
 950  69  41 110      908.050000
 951  68  42 110      919.528500
 952  67  43 110      925.238600
 953  66  44 110      933.494100
 954  65  45 110      935.467500
 955  64  46 110      940.187820
 956  63  47 110      938.531880
 957  62  48 110      940.640250
 958  61  49 110      935.980100
 959  60  50 110      934.569900
 960  59  51 110      925.394800
 961  58  52 110      919.393200
 962  57  53 110      906.840000
 963  56  54 110      897.523000
 964  69  42 111      922.997190
 965  68  43 111      931.299990
 966  67  44 111      938.278560
 967  66  45 111      943.014930
 968  65  46 111      945.914139
 969  64  47 111      947.361357
 970  63  48 111      947.615769
 971  62  49 111      945.973080
 972  61  50 111      942.737430
 973  60  51 111      936.853320
 974  59  52 111      928.821360
 975  58  53 111      919.405230
 976  57  54 111      908.068800
 977  69  43 112      935.605440
 978  68  44 112      945.194880
 979  67  45 112      948.516800
 980  66  46 112      954.320640
 981  65  47 112      953.800960
 982  64  48 112      957.009760
 983  63  49 112      953.643040
 984  62  50 112      953.525216
 985  61  51 112      945.686560
 986  60  52 112      940.872800
 987  59  53 112      929.586560
 988  58  54 112      921.766720
 989  57  55 112      907.244800
 990  70  43 113      941.229432
 991  69  44 113      949.505100
 992  68  45 113      955.620660
 993  67  46 113      959.661540
 994  66  47 113      962.315910
 995  65  48 113      963.549531
 996  64  49 113      963.090977
 997  63  50 113      961.269643
 998  62  51 113      956.576640
 999  61  52 113      949.724320
1000  60  53 113      941.713750
1001  59  54 113      932.016090
1002  58  55 113      920.794060
1003  71  43 114      945.060000
1004  70  44 114      955.928760
1005  69  45 114      960.632400
1006  68  46 114      967.633140
1007  67  47 114      968.290920
1008  66  48 114      972.592482
1009  65  49 114      970.364922
1010  64  50 114      971.572524
1011  63  51 114      964.727280
1012  62  52 114      961.336920
1013  59  55 114      931.779000
1014  58  56 114      922.225800
1015  72  43 115      950.935000
1016  71  44 115      959.962500
1017  70  45 115      967.225900
1018  69  46 115      972.640100
1019  68  47 115      976.414400
1020  67  48 115      978.733260
1021  66  49 115      979.402790
1022  65  50 115      979.117935
1023  64  51 115      975.304650
1024  63  52 115      969.582250
1025  62  53 115      963.074400
1026  61  54 115      954.611550
1027  72  44 116      965.918080
1028  71  45 116      971.801600
1029  70  46 116      980.116480
1030  69  47 116      982.045212
1031  68  48 116      987.432600
1032  67  49 116      986.187572
1033  66  50 116      988.681456
1034  65  51 116      983.195120
1035  64  52 116      980.860040
1036  63  53 116      972.300400
1037  62  54 116      967.072280
1038  73  44 117      969.462000
1039  72  45 117      978.035760
1040  71  46 117      984.780810
1041  70  47 117      989.755650
1042  69  48 117      993.209841
1043  68  49 117      994.951620
1044  67  50 117      995.624487
1045  66  51 117      993.084300
1046  65  52 117      988.757640
1047  64  53 117      983.315970
1048  63  54 117      976.283100
1049  62  55 117      967.812300
1050  61  56 117      957.996000
1051  73  45 118      982.097480
1052  72  46 118      991.816196
1053  71  47 118      995.198902
1054  70  48 118     1001.563940
1055  69  49 118     1001.309060
1056  68  50 118     1004.950894
1057  67  51 118     1000.511970
1058  66  52 118      999.430500
1059  65  53 118      991.922160
1060  64  54 118      988.247640
1061  63  55 118      977.795200
1062  74  45 119      988.103410
1063  73  46 119      995.906240
1064  72  47 119     1002.361990
1065  71  48 119     1006.906600
1066  70  49 119     1009.850660
1067  69  50 119     1011.434431
1068  68  51 119     1010.061290
1069  67  52 119     1006.986330
1070  66  53 119     1002.788010
1071  65  54 119      997.034360
1072  64  55 119      989.762270
1073  63  56 119      981.262100
1074  74  46 120     1002.850200
1075  73  47 120     1007.439600
1076  72  48 120     1014.962400
1077  71  49 120     1015.956000
1078  70  50 120     1020.539040
1079  69  51 120     1017.075600
1080  68  52 120     1017.244080
1081  67  53 120     1010.846400
1082  66  54 120     1008.483600
1083  65  55 120      999.417600
1084  64  56 120      993.636000
1085  76  45 121      997.645000
1086  75  46 121     1006.823818
1087  74  47 121     1014.261930
1088  73  48 121     1020.150516
1089  72  49 121     1024.130690
1090  71  50 121     1026.709321
1091  70  51 121     1026.329986
1092  69  52 121     1024.492480
1093  68  53 121     1021.416660
1094  67  54 121     1016.863430
1095  66  55 121     1010.702110
1096  65  56 121     1003.561900
1097  76  46 122     1013.328340
1098  75  47 122     1019.041600
1099  74  48 122     1027.760452
1100  73  49 122     1029.936200
1101  72  50 122     1035.524654
1102  71  51 122     1033.136382
1103  70  52 122     1034.333080
1104  69  53 122     1029.316440
1105  68  54 122     1027.808520
1106  67  55 122     1019.816300
1107  66  56 122     1015.498720
1108  77  46 123     1017.210000
1109  76  47 123     1025.549400
1110  75  48 123     1032.633585
1111  74  49 123     1037.867850
1112  73  50 123     1041.470889
1113  72  51 123     1042.096344
1114  71  52 123     1041.262158
1115  70  53 123     1039.251600
1116  69  54 123     1035.774390
1117  68  55 123     1030.786740
1118  67  56 123     1024.615830
1119  77  47 124     1030.278800
1120  76  48 124     1039.992340
1121  75  49 124     1043.378160
1122  74  50 124     1049.960204
1123  73  51 124     1048.563840
1124  72  52 124     1050.686596
1125  71  53 124     1046.744636
1126  70  54 124     1046.258060
1127  69  55 124     1039.545320
1128  68  56 124     1036.121680
1129  67  57 124     1026.509200
1130  78  47 125     1036.625000
1131  77  48 125     1044.710125
1132  76  49 125     1051.056250
1133  75  50 125     1055.693750
1134  74  51 125     1057.271250
1135  73  52 125     1057.255625
1136  72  53 125     1056.287500
1137  71  54 125     1053.861250
1138  70  55 125     1049.973750
1139  69  56 125     1044.772500
1140  68  57 125     1038.080000
1141  78  48 126     1051.690122
1142  77  49 126     1056.424320
1143  76  50 126     1063.883520
1144  75  51 126     1063.479060
1145  74  52 126     1066.369248
1146  73  53 126     1063.432440
1147  72  54 126     1063.886166
1148  71  55 126     1058.308020
1149  70  56 126     1055.844720
1150  69  57 126     1047.362400
1151  68  58 126     1042.430760
1152  79  48 127     1056.252650
1153  78  49 127     1063.618650
1154  77  50 127     1069.411120
1155  76  51 127     1071.857140
1156  75  52 127     1072.656986
1157  74  53 127     1072.576849
1158  73  54 127     1071.131970
1159  72  55 127     1068.268120
1160  71  56 127     1064.064420
1161  70  57 127     1058.359580
1162  69  58 127     1051.660330
1163  80  48 128     1062.817280
1164  79  49 128     1068.940800
1165  78  50 128     1077.373440
1166  77  51 128     1077.859840
1167  76  52 128     1081.440256
1168  75  53 128     1079.403008
1169  74  54 128     1080.742144
1170  73  55 128     1076.030720
1171  72  56 128     1074.695680
1172  71  57 128     1067.161600
1173  70  58 128     1063.287040
1174  69  59 128     1053.300480
1175  81  48 129     1066.704870
1176  80  49 129     1075.702620
1177  79  50 129     1082.673780
1178  78  51 129     1085.929740
1179  77  52 129     1087.522761
1180  76  53 129     1088.242710
1181  75  54 129     1087.649310
1182  74  55 129     1085.670450
1183  73  56 129     1082.451900
1184  72  57 129     1077.930450
1185  71  58 129     1072.111260
1186  70  59 129     1064.815020
1187  82  48 130     1072.836700
1188  81  49 130     1080.820000
1189  80  50 130     1090.286080
1190  79  51 130     1091.656800
1191  78  52 130     1095.942120
1192  77  53 130     1094.743000
1193  76  54 130     1096.905030
1194  75  55 130     1093.141400
1195  74  56 130     1092.721370
1196  73  57 130     1086.304700
1197  72  58 130     1083.318600
1198  71  59 130     1074.294000
1199  70  60 130     1068.926300
1200  83  48 131     1075.012200
1201  82  49 131     1087.032629
1202  81  50 131     1095.489727
1203  80  51 131     1099.424312
1204  79  52 131     1101.871523
1205  78  53 131     1103.320907
1206  77  54 131     1103.509416
1207  76  55 131     1102.372860
1208  75  56 131     1100.214897
1209  74  57 131     1096.518470
1210  73  58 131     1091.675400
1211  72  59 131     1085.479100
1212  71  60 131     1078.169300
1213  83  49 132     1089.488400
1214  82  50 132     1102.843104
1215  81  51 132     1105.149408
1216  80  52 132     1109.920020
1217  79  53 132     1109.652720
1218  78  54 132     1112.446104
1219  77  55 132     1109.537484
1220  76  56 132     1110.037500
1221  75  57 132     1104.544320
1222  74  58 132     1102.508880
1223  73  59 132     1094.483280
1224  72  60 132     1089.898920
1225  83  50 133     1105.241704
1226  82  51 133     1112.508957
1227  81  52 133     1115.740325
1228  80  53 133     1117.879630
1229  79  54 133     1118.882051
1230  78  55 133     1118.527074
1231  77  56 133     1117.227398
1232  76  57 133     1114.385720
1233  75  58 133     1110.527390
1234  74  59 133     1105.264580
1235  73  60 133     1098.872600
1236  72  61 133     1091.171900
1237  84  50 134     1108.872914
1238  83  51 134     1115.677300
1239  82  52 134     1123.408162
1240  81  53 134     1124.135380
1241  80  54 134     1127.435666
1242  79  55 134     1125.418564
1243  78  56 134     1126.694914
1244  77  57 134     1122.181660
1245  76  58 134     1121.013180
1246  75  59 134     1113.925920
1247  74  60 134     1110.262360
1248  73  61 134     1100.568800
1249  85  50 135     1111.142745
1250  84  51 135     1119.418515
1251  83  52 135     1126.674630
1252  82  53 135     1131.942600
1253  81  54 135     1133.794260
1254  80  55 135     1134.180360
1255  79  56 135     1133.666955
1256  78  57 135     1131.678000
1257  77  58 135     1128.867300
1258  76  59 135     1124.405550
1259  75  60 135     1118.900250
1260  74  61 135     1111.954500
1261  73  62 135     1103.976000
1262  85  51 136     1122.306000
1263  84  52 136     1131.442344
1264  83  53 136     1135.779520
1265  82  54 136     1141.881568
1266  81  55 136     1141.008720
1267  80  56 136     1142.774680
1268  79  57 136     1139.149600
1269  78  58 136     1138.831360
1270  77  59 136     1132.881360
1271  76  60 136     1129.957360
1272  75  61 136     1121.143200
1273  74  62 136     1116.005120
1274  86  51 137     1125.934500
1275  85  52 137     1134.392195
1276  84  53 137     1140.662000
1277  83  54 137     1145.907182
1278  82  55 137     1149.286972
1279  81  56 137     1149.680299
1280  80  57 137     1148.317423
1281  79  58 137     1146.312976
1282  78  59 137     1142.814270
1283  77  60 137     1138.413830
1284  76  61 137     1132.120050
1285  75  62 137     1125.290600
1286  74  63 137     1116.628090
1287  87  51 138     1128.150000
1288  86  52 138     1138.855764
1289  85  53 138     1144.356720
1290  84  54 138     1151.567220
1291  83  55 138     1153.699320
1292  82  56 138     1158.291960
1293  81  57 138     1155.767250
1294  80  58 138     1156.037040
1295  79  59 138     1150.817880
1296  78  60 138     1148.919000
1297  77  61 138     1141.058520
1298  76  62 138     1136.834340
1299  75  63 138     1126.303560
1300  87  52 139     1141.436169
1301  86  53 139     1148.919651
1302  85  54 139     1155.311010
1303  84  55 139     1159.584982
1304  83  56 139     1163.015363
1305  82  57 139     1164.545475
1306  81  58 139     1163.484210
1307  80  59 139     1160.573550
1308  79  60 139     1156.985960
1309  78  61 139     1151.690060
1310  77  62 139     1145.788120
1311  76  63 139     1138.023580
1312  88  52 140     1145.872000
1313  87  53 140     1152.125800
1314  86  54 140     1160.724180
1315  85  55 140     1164.004800
1316  84  56 140     1169.442400
1317  83  57 140     1169.706580
1318  82  58 140     1172.684380
1319  81  59 140     1168.514200
1320  80  60 140     1167.302500
1321  79  61 140     1160.475400
1322  78  62 140     1156.934800
1323  77  63 140     1147.678000
1324  76  64 140     1141.695800
1325  75  65 140     1129.660000
1326  88  53 141     1156.518660
1327  87  54 141     1164.006324
1328  86  55 141     1169.504760
1329  85  56 141     1173.977280
1330  84  57 141     1176.393597
1331  83  58 141     1178.112528
1332  82  59 141     1177.912872
1333  81  60 141     1175.307615
1334  80  61 141     1170.855540
1335  79  62 141     1165.483440
1336  78  63 141     1158.692880
1337  77  64 141     1151.210010
1338  76  65 141     1141.747500
1339  89  53 142     1159.430000
1340  88  54 142     1169.109998
1341  87  55 142     1173.612960
1342  86  56 142     1180.157740
1343  85  57 142     1181.557860
1344  84  58 142     1185.284082
1345  83  59 142     1183.756020
1346  82  60 142     1185.136260
1347  81  61 142     1179.545720
1348  80  62 142     1176.608024
1349  79  63 142     1168.153060
1350  78  64 142     1163.016920
1351  77  65 142     1151.904000
1352  89  54 143     1172.153840
1353  88  55 143     1178.844810
1354  87  56 143     1184.324570
1355  86  57 143     1187.776590
1356  85  58 143     1190.428954
1357  84  59 143     1191.108204
1358  83  60 143     1191.259784
1359  82  61 143     1189.435819
1360  81  62 143     1185.210026
1361  80  63 143     1179.152260
1362  79  64 143     1172.356900
1363  78  65 143     1163.762600
1364  77  66 143     1154.732150
1365  90  54 144     1176.894720
1366  89  55 144     1182.512160
1367  88  56 144     1190.224800
1368  87  57 144     1192.525920
1369  86  58 144     1197.325440
1370  85  59 144     1196.861760
1371  84  60 144     1199.076768
1372  83  61 144     1195.962624
1373  82  62 144     1195.729776
1374  81  63 144     1188.600480
1375  80  64 144     1183.959360
1376  79  65 144     1173.785760
1377  78  66 144     1167.204960
1378  77  67 144     1154.462400
1379  91  54 145     1179.588050
1380  90  55 145     1187.365850
1381  89  56 145     1194.046000
1382  88  57 145     1198.583050
1383  87  58 145     1202.032600
1384  86  59 145     1203.808850
1385  85  60 145     1204.832115
1386  84  61 145     1203.885265
1387  83  62 145     1202.486885
1388  82  63 145     1199.044730
1389  81  64 145     1193.197750
1390  80  65 145     1185.882500
1391  79  66 145     1176.949050
1392  78  67 145     1167.044100
1393  92  54 146     1184.119860
1394  91  55 146     1190.693656
1395  90  56 146     1199.547680
1396  89  57 146     1202.869180
1397  88  58 146     1208.671220
1398  87  59 146     1208.935480
1399  86  60 146     1212.397432
1400  85  61 146     1210.143484
1401  84  62 146     1210.903122
1402  83  63 146     1206.241780
1403  82  64 146     1204.427876
1404  81  65 146     1195.316600
1405  80  66 146     1189.332060
1406  79  67 146     1177.233040
1407  78  68 146     1169.534460
1408  92  55 147     1195.374600
1409  91  56 147     1202.936280
1410  90  57 147     1208.567850
1411  89  58 147     1213.121910
1412  88  59 147     1215.769380
1413  87  60 147     1217.689641
1414  86  61 147     1217.802684
1415  85  62 147     1217.244525
1416  84  63 147     1214.740527
1417  83  64 147     1211.770392
1418  82  65 147     1206.373140
1419  81  66 147     1199.045190
1420  80  67 147     1189.823880
1421  79  68 147     1179.892560
1422  78  69 147     1168.476540
1423  93  55 148     1198.437400
1424  92  56 148     1208.331200
1425  91  57 148     1212.670560
1426  90  58 148     1219.577720
1427  89  59 148     1220.931920
1428  88  60 148     1225.022196
1429  87  61 148     1223.698040
1430  86  62 148     1225.385684
1431  85  63 148     1221.566840
1432  84  64 148     1220.754024
1433  83  65 148     1214.239360
1434  82  66 148     1210.779120
1435  81  67 148     1200.132000
1436  80  68 148     1192.834120
1437  79  69 148     1179.338000
1438  93  56 149     1211.936200
1439  92  57 149     1218.253800
1440  91  58 149     1223.920270
1441  90  59 149     1227.506700
1442  89  60 149     1230.060858
1443  88  61 149     1230.967374
1444  87  62 149     1231.256434
1445  86  63 149     1229.779546
1446  85  64 149     1227.683116
1447  84  65 149     1223.262435
1448  83  66 149     1218.687390
1449  82  67 149     1211.855740
1450  81  68 149     1203.169040
1451  93  57 150     1222.230000
1452  92  58 150     1230.168000
1453  91  59 150     1232.839500
1454  90  60 150     1237.436550
1455  89  61 150     1236.571500
1456  88  62 150     1239.243150
1457  87  63 150     1236.202500
1458  86  64 150     1236.391500
1459  85  65 150     1230.951000
1460  84  66 150     1228.372350
1461  83  67 150     1220.226000
1462  82  68 150     1215.330000
1463  94  57 151     1227.479000
1464  93  58 151     1234.618280
1465  92  59 151     1239.389880
1466  91  60 151     1242.771072
1467  90  61 151     1244.431770
1468  89  62 151     1244.839621
1469  88  63 151     1244.133847
1470  87  64 151     1242.887493
1471  86  65 151     1239.539823
1472  85  66 151     1235.886378
1473  84  67 151     1229.975030
1474  83  68 151     1223.835370
1475  82  69 151     1215.559060
1476  81  70 151     1205.553800
1477  93  59 152     1244.439200
1478  92  60 152     1250.049520
1479  91  61 152     1250.371760
1480  90  62 152     1253.097272
1481  89  63 152     1250.440616
1482  88  64 152     1251.476952
1483  87  65 152     1246.704000
1484  86  66 152     1245.323840
1485  85  67 152     1238.027840
1486  84  68 152     1234.141200
1487  83  69 152     1224.572800
1488  82  70 152     1218.340800
1489  94  59 153     1250.322120
1490  93  60 153     1255.301046
1491  92  61 153     1257.835950
1492  91  62 153     1258.965702
1493  90  63 153     1258.990947
1494  89  64 153     1257.723954
1495  88  65 153     1255.372344
1496  87  66 153     1252.419597
1497  86  67 153     1247.506920
1498  85  68 153     1242.180990
1499  84  69 153     1234.902780
1500  95  59 154     1254.930600
1501  94  60 154     1261.860600
1502  93  61 154     1263.770200
1503  92  62 154     1266.932590
1504  91  63 154     1265.433092
1505  90  64 154     1266.618584
1506  89  65 154     1262.287180
1507  88  66 154     1261.742020
1508  87  67 154     1255.204720
1509  86  68 154     1252.388060
1510  85  69 154     1243.428340
1511  84  70 154     1238.150760
1512  96  59 155     1260.311200
1513  95  60 155     1266.396500
1514  94  61 155     1270.271500
1515  93  62 155     1272.739565
1516  92  63 155     1273.584470
1517  91  64 155     1273.053905
1518  90  65 155     1271.451050
1519  89  66 155     1268.574250
1520  88  67 155     1264.676000
1521  87  68 155     1260.063200
1522  86  69 155     1253.698900
1523  85  70 155     1246.792100
1524  84  71 155     1238.053200
1525  96  60 156     1272.663600
1526  95  61 156     1275.565980
1527  94  62 156     1279.980000
1528  93  63 156     1279.920252
1529  92  64 156     1281.590232
1530  91  65 156     1278.363684
1531  90  66 156     1278.019548
1532  89  67 156     1272.180000
1533  88  68 156     1270.137960
1534  87  69 156     1261.977600
1535  86  70 156     1257.626760
1536  85  71 156     1247.282400
1537  84  72 156     1240.621200
1538  97  60 157     1276.717720
1539  96  61 157     1281.769980
1540  95  62 157     1285.368891
1541  94  63 157     1287.367815
1542  93  64 157     1287.950128
1543  92  65 157     1287.107666
1544  91  66 157     1284.986910
1545  90  67 157     1281.612980
1546  89  68 157     1277.410090
1547  88  69 157     1271.924510
1548  87  70 157     1265.854890
1549  86  71 157     1258.091240
1550  97  61 158     1286.633500
1551  96  62 158     1292.013400
1552  95  63 158     1293.234740
1553  94  64 158     1295.887402
1554  93  65 158     1293.886174
1555  92  66 158     1294.040540
1556  91  67 158     1289.038260
1557  90  68 158     1287.372940
1558  89  69 158     1279.989600
1559  88  70 158     1276.513600
1560  87  71 158     1266.934060
1561  86  72 158     1261.042240
1562  98  61 159     1292.170740
1563  97  62 159     1297.042500
1564  96  63 159     1300.094823
1565  95  64 159     1301.830626
1566  94  65 159     1302.019200
1567  93  66 159     1300.871697
1568  92  67 159     1298.251695
1569  91  68 159     1294.700907
1570  90  69 159     1289.927250
1571  89  70 159     1284.413130
1572  88  71 159     1277.501400
1573  87  72 159     1269.863040
1574  86  73 159     1260.668070
1575  98  62 160     1303.140800
1576  97  63 160     1305.603200
1577  96  64 160     1309.282240
1578  95  65 160     1308.394400
1579  94  66 160     1309.448640
1580  93  67 160     1305.376000
1581  92  68 160     1304.275200
1582  91  69 160     1297.731200
1583  90  70 160     1294.809600
1584  89  71 160     1286.128000
1585  88  72 160     1281.020800
1586  87  73 160     1270.128000
1587  86  74 160     1262.848000
1588  99  62 161     1307.648440
1589  98  63 161     1311.985780
1590  97  64 161     1314.917751
1591  96  65 161     1316.091119
1592  95  66 161     1315.902910
1593  94  67 161     1314.262159
1594  93  68 161     1311.483460
1595  92  69 161     1307.398890
1596  91  70 161     1302.557620
1597  90  71 161     1296.497580
1598  89  72 161     1289.468320
1599  88  73 161     1281.149450
1600  99  63 162     1316.969280
1601  98  64 162     1321.763670
1602  97  65 162     1322.376840
1603  96  66 162     1324.100034
1604  95  67 162     1321.177716
1605  94  68 162     1320.688314
1606  93  69 162     1315.049580
1607  92  70 162     1312.614720
1608  91  71 162     1304.845200
1609  90  72 162     1300.393440
1610  89  73 162     1290.216600
1611  88  74 162     1283.658840
1612 100  63 163     1322.826500
1613  99  64 163     1326.868900
1614  98  65 163     1329.368179
1615  97  66 163     1330.370955
1616  96  67 163     1329.585784
1617  95  68 163     1327.592783
1618  94  69 163     1324.371740
1619  93  70 163     1320.159820
1620  92  71 163     1314.868840
1621  91  72 163     1308.559110
1622  90  73 163     1301.048070
1623  89  74 163     1292.638900
1624  88  75 163     1282.950180
1625  99  65 164     1334.927200
1626  98  66 164     1338.029096
1627  97  67 164     1336.260356
1628  96  68 164     1336.439280
1629  95  69 164     1331.617680
1630  94  70 164     1329.949800
1631  93  71 164     1322.791200
1632  92  72 164     1319.184840
1633  91  73 164     1309.868000
1634  90  74 164     1304.037800
1635  89  75 164     1292.500400
1636  88  76 164     1284.661200
1637  99  66 165     1343.744985
1638  98  67 165     1344.249060
1639  97  68 165     1343.089440
1640  96  69 165     1340.715090
1641  95  70 165     1337.298600
1642  94  71 165     1332.663750
1643  93  72 165     1327.073550
1644  92  73 165     1320.503250
1645  91  74 165     1312.735050
1646  90  75 165     1303.750800
1647 101  65 166     1346.874200
1648 100  66 166     1350.788480
1649  99  67 166     1350.492834
1650  98  68 166     1351.565194
1651  97  69 166     1347.745700
1652  96  70 166     1346.670020
1653  95  71 166     1340.312220
1654  94  72 166     1337.369040
1655  93  73 166     1328.825020
1656  92  74 166     1323.833400
1657  91  75 166     1313.060000
1658  90  76 166     1305.812440
1659 101  66 167     1356.207000
1660 100  67 167     1357.773460
1661  99  68 167     1358.001582
1662  98  69 167     1356.471695
1663  97  70 167     1353.736235
1664  96  71 167     1349.864340
1665  95  72 167     1345.048060
1666  94  73 167     1339.149620
1667  93  74 167     1332.113910
1668  90  77 167     1304.740940
1669 102  66 168     1362.900000
1670 101  67 168     1363.625760
1671 100  68 168     1365.772968
1672  99  69 168     1363.312272
1673  98  70 168     1362.798864
1674  97  71 168     1357.502160
1675  96  72 168     1355.012400
1676  95  73 168     1347.264240
1677  94  74 168     1342.980240
1678  93  75 168     1333.100160
1679  92  76 168     1326.517920
1680  91  77 168     1314.415200
1681  90  78 168     1305.964800
1682 103  66 169     1368.021200
1683 102  67 169     1370.432830
1684 101  68 169     1371.776211
1685 100  69 169     1371.345937
1686  99  70 169     1369.665908
1687  98  71 169     1366.590615
1688  97  72 169     1362.440820
1689  96  73 169     1357.232240
1690  95  74 169     1351.077260
1691  94  75 169     1343.786600
1692  93  76 169     1335.316320
1693  92  77 169     1325.906400
1694 103  67 170     1375.946000
1695 102  68 170     1379.033030
1696 101  69 170     1377.937890
1697 100  70 170     1378.123530
1698  99  71 170     1373.883900
1699  98  72 170     1372.049600
1700  97  73 170     1365.151000
1701  96  74 170     1361.521500
1702  95  75 170     1352.361900
1703  94  76 170     1346.592100
1704 104  67 171     1382.364000
1705 103  68 171     1384.714566
1706 102  69 171     1385.423703
1707 101  70 171     1384.737822
1708 100  71 171     1382.477031
1709  99  72 171     1379.297970
1710  98  73 171     1374.804090
1711  97  74 171     1369.388520
1712  96  75 171     1362.769110
1713  95  76 171     1355.038200
1714  94  77 171     1346.366790
1715  93  78 171     1336.638600
1716  92  79 171     1325.952810
1717 104  68 172     1391.550520
1718 103  69 172     1391.658880
1719 102  70 172     1392.757788
1720 101  71 172     1389.455904
1721 100  72 172     1388.339280
1722  99  73 172     1382.484400
1723  98  74 172     1379.469240
1724  97  75 172     1371.127240
1725  96  76 172     1366.051520
1726  95  77 172     1355.404720
1727  94  78 172     1348.351000
1728  93  79 172     1335.786400
1729  92  80 172     1326.739200
1730 104  69 173     1398.612099
1731 103  70 173     1399.124871
1732 102  71 173     1397.672190
1733 101  72 173     1395.421460
1734 100  73 173     1391.622380
1735  99  74 173     1387.171090
1736  98  75 173     1381.216430
1737  97  76 173     1374.317190
1738  96  77 173     1366.366110
1739  95  78 173     1357.254200
1740  94  79 173     1347.365520
1741 105  69 174     1404.291360
1742 104  70 174     1406.589378
1743 103  71 174     1404.432822
1744 102  72 174     1403.924742
1745 101  73 174     1399.038300
1746 100  74 174     1396.743240
1747  99  75 174     1389.405660
1748  98  76 174     1384.946040
1749  97  77 174     1375.031520
1750  96  78 174     1368.704880
1751 106  69 175     1410.809750
1752 105  70 175     1412.411875
1753 104  71 175     1412.099500
1754 103  72 175     1410.633175
1755 102  73 175     1407.777000
1756 101  74 175     1404.219250
1757 100  75 175     1399.093500
1758  99  76 175     1393.127750
1759  98  77 175     1385.634250
1760  97  78 175     1377.171250
1761  96  79 175     1368.078250
1762  95  80 175     1357.860000
1763 107  69 176     1415.937600
1764 106  70 176     1419.278960
1765 105  71 176     1418.387520
1766 104  72 176     1418.799184
1767 103  73 176     1414.805920
1768 102  74 176     1413.299360
1769 101  75 176     1406.938720
1770 100  76 176     1403.191680
1771  99  77 176     1394.189280
1772  98  78 176     1388.462240
1773  97  79 176     1377.266880
1774  96  80 176     1369.749920
1775  95  81 176     1356.608000
1776 107  70 177     1424.845221
1777 106  71 177     1425.460296
1778 105  72 177     1425.174795
1779 104  73 177     1423.226379
1780 103  74 177     1420.432080
1781 102  75 177     1416.215940
1782 101  76 177     1411.121880
1783 100  77 177     1404.429510
1784  99  78 177     1396.970730
1785  98  79 177     1388.363220
1786  97  80 177     1378.812300
1787  96  81 177     1368.594090
1788 108  70 178     1431.625520
1789 107  71 178     1431.485612
1790 106  72 178     1432.800676
1791 103  75 178     1423.672480
1792 102  76 178     1420.779980
1793 101  77 178     1412.705900
1794 100  78 178     1407.668500
1795  99  79 178     1397.193200
1796  98  80 178     1390.422080
1797 108  71 179     1438.278067
1798 107  72 179     1438.899734
1799 106  73 179     1438.011715
1800 105  74 179     1436.167120
1801 104  75 179     1432.674830
1802 103  76 179     1428.326920
1803 102  77 179     1422.606080
1804 101  78 179     1416.011720
1805 100  79 179     1407.949560
1806  99  80 179     1399.106960
1807  98  81 179     1389.664710
1808  97  82 179     1378.568500
1809 109  71 180     1443.960000
1810 108  72 180     1446.287400
1811 107  73 180     1444.658580
1812 106  74 180     1444.579560
1813 105  75 180     1439.998200
1814 104  76 180     1437.737400
1815 103  77 180     1430.573400
1816 102  78 180     1426.249800
1817 101  79 180     1416.657240
1818 100  80 180     1410.499800
1819  99  81 180     1398.852000
1820  98  82 180     1390.626000
1821 110  71 181     1450.153900
1822 109  72 181     1451.982362
1823 108  73 181     1452.235400
1824 107  74 181     1451.248588
1825 106  75 181     1448.749340
1826 105  76 181     1445.000830
1827 104  77 181     1440.130663
1828 103  78 181     1434.267530
1829 102  79 181     1426.975040
1830 101  80 181     1418.982080
1831 100  81 181     1410.337520
1832  99  82 181     1399.872100
1833 110  72 182     1458.700880
1834 109  73 182     1458.298296
1835 108  74 182     1459.332056
1836 107  75 182     1455.745200
1837 106  76 182     1454.130860
1838 105  77 182     1447.789980
1839 104  78 182     1444.124500
1840 103  79 182     1435.475860
1841 102  80 182     1429.968540
1842 101  81 182     1418.937520
1843 100  82 182     1411.652060
1844 112  71 183     1461.218400
1845 111  72 183     1464.005490
1846 110  73 183     1465.232505
1847 109  74 183     1465.522926
1848 108  75 183     1464.184830
1849 107  76 183     1461.256830
1850 106  77 183     1457.013060
1851 105  78 183     1451.801220
1852 104  79 183     1445.436480
1853 103  80 183     1438.268370
1854 102  81 183     1430.267610
1855 101  82 183     1420.473450
1856 112  72 184     1470.292480
1857 111  73 184     1470.850000
1858 110  74 184     1472.934168
1859 109  75 184     1470.666000
1860 108  76 184     1469.916568
1861 107  77 184     1464.492800
1862 106  78 184     1461.432880
1863 105  79 184     1453.634960
1864 104  80 184     1448.884080
1865 103  81 184     1438.635280
1866 102  82 184     1432.022320
1867 101  83 184     1419.118400
1868 113  72 185     1475.190000
1869 112  73 185     1477.476600
1870 111  74 185     1478.687795
1871 110  75 185     1478.336665
1872 109  76 185     1476.541240
1873 108  77 185     1473.288200
1874 107  78 185     1468.859300
1875 106  79 185     1463.246400
1876 105  80 185     1456.789900
1877 104  81 185     1449.580450
1878 103  82 185     1440.582050
1879 114  72 186     1481.359800
1880 113  73 186     1482.754800
1881 112  74 186     1485.879786
1882 111  75 186     1484.516034
1883 110  76 186     1484.806566
1884 109  77 186     1480.197300
1885 108  78 186     1478.106660
1886 107  79 186     1471.174440
1887 106  80 186     1467.216360
1888 105  81 186     1457.782440
1889 104  82 186     1451.795100
1890 103  83 186     1439.476320
1891 102  84 186     1431.446700
1892 114  73 187     1489.120270
1893 113  74 187     1491.346692
1894 112  75 187     1491.876837
1895 111  76 187     1491.096860
1896 110  77 187     1488.645290
1897 109  78 187     1484.998790
1898 108  79 187     1480.559410
1899 107  80 187     1474.867130
1900 106  81 187     1468.410020
1901 105  82 187     1460.170800
1902 104  83 187     1450.785270
1903 103  84 187     1440.790120
1904 115  73 188     1493.908160
1905 114  74 188     1498.181776
1906 113  75 188     1497.748436
1907 112  76 188     1499.086432
1908 111  77 188     1495.511800
1909 110  78 188     1494.205576
1910 109  79 188     1487.973564
1911 108  80 188     1485.021400
1912 107  81 188     1476.373400
1913 106  82 188     1471.069920
1914 105  83 188     1459.667720
1915 104  84 188     1452.234200
1916 115  74 189     1503.202050
1917 114  75 189     1504.782090
1918 113  76 189     1505.007378
1919 112  77 189     1503.687780
1920 111  78 189     1500.924600
1921 110  79 189     1497.256110
1922 109  80 189     1492.517880
1923 108  81 189     1486.725030
1924 107  82 189     1479.170700
1925 106  83 189     1470.609000
1926 105  84 189     1461.183570
1927 116  74 190     1510.038300
1928 115  75 190     1510.519000
1929 114  76 190     1512.799760
1930 113  77 190     1510.063190
1931 112  78 190     1509.833670
1932 111  79 190     1504.578460
1933 110  80 190     1502.333800
1934 109  81 190     1494.551400
1935 108  82 190     1489.814700
1936 107  83 190     1479.214600
1937 106  84 190     1472.397400
1938 117  74 191     1514.905040
1939 116  75 191     1517.296360
1940 115  76 191     1518.558488
1941 114  77 191     1518.089583
1942 113  78 191     1516.296857
1943 112  79 191     1513.614071
1944 111  80 191     1509.625800
1945 110  81 191     1504.533740
1946 109  82 191     1497.699760
1947 108  83 191     1489.926060
1948 107  84 191     1480.973890
1949 106  85 191     1471.257720
1950 117  75 192     1522.598400
1951 116  76 192     1526.116800
1952 115  77 192     1524.287808
1953 114  78 192     1524.958272
1954 113  79 192     1520.659200
1955 112  80 192     1519.117440
1956 111  81 192     1512.195840
1957 110  82 192     1508.096640
1958 109  83 192     1498.293120
1959 108  84 192     1492.047360
1960 107  85 192     1480.268160
1961 118  75 193     1529.320420
1962 117  76 193     1531.700110
1963 116  77 193     1532.059669
1964 115  78 193     1531.220698
1965 114  79 193     1529.362880
1966 113  80 193     1526.238210
1967 112  81 193     1521.870620
1968 111  82 193     1515.806560
1969 110  83 193     1508.713810
1970 109  84 193     1500.372350
1971 108  85 193     1491.332230
1972 107  86 193     1481.439050
1973 118  76 194     1538.812268
1974 117  77 194     1538.126478
1975 116  78 194     1539.572554
1976 115  79 194     1536.242156
1977 114  80 194     1535.431818
1978 113  81 194     1529.402880
1979 112  82 194     1525.891480
1980 111  83 194     1516.928680
1981 110  84 194     1511.122260
1982 109  85 194     1500.056500
1983 108  86 194     1492.830000
1984 119  76 195     1543.959300
1985 118  77 195     1545.358425
1986 117  78 195     1545.677640
1987 116  79 195     1544.668515
1988 115  80 195     1542.333000
1989 114  81 195     1538.692350
1990 113  82 195     1533.462450
1991 112  83 195     1526.997615
1992 111  84 195     1519.246950
1993 110  85 195     1510.877550
1994 109  86 195     1501.574100
1995 120  76 196     1550.797080
1996 119  77 196     1551.173400
1997 118  78 196     1553.599684
1998 117  79 196     1551.311580
1999 116  80 196     1551.216324
2000 115  81 196     1546.104840
2001 114  82 196     1543.174640
2002 113  83 196     1535.052400
2003 112  84 196     1529.734920
2004 111  85 196     1519.393960
2005 110  86 196     1512.726040
2006 120  77 197     1558.073000
2007 119  78 197     1559.446287
2008 118  79 197     1559.383838
2009 117  80 197     1558.002080
2010 116  81 197     1555.021470
2011 115  82 197     1550.642554
2012 114  83 197     1544.801110
2013 113  84 197     1537.689410
2014 112  85 197     1529.905940
2015 111  86 197     1521.257640
2016 110  87 197     1511.730720
2017 120  78 198     1567.001700
2018 119  79 198     1565.896266
2019 118  80 198     1566.487296
2020 117  81 198     1562.279400
2021 116  82 198     1560.036060
2022 115  83 198     1552.555620
2023 114  84 198     1547.876880
2024 113  85 198     1538.335854
2025 112  86 198     1532.068560
2026 111  87 198     1520.483580
2027 122  77 199     1570.350790
2028 121  78 199     1572.557700
2029 120  79 199     1573.480463
2030 119  80 199     1573.150521
2031 118  81 199     1570.882120
2032 117  82 199     1567.272260
2033 116  83 199     1562.054480
2034 115  84 199     1555.682500
2035 114  85 199     1548.516112
2036 113  86 199     1540.409250
2037 112  87 199     1531.356740
2038 122  78 200     1579.840000
2039 121  79 200     1579.698000
2040 120  80 200     1581.179000
2041 119  81 200     1577.940600
2042 118  82 200     1576.362000
2043 117  83 200     1569.700000
2044 116  84 200     1565.488000
2045 115  85 200     1556.752000
2046 114  86 200     1550.986000
2047 113  87 200     1540.066000
2048 123  78 201     1585.051830
2049 122  79 201     1586.930175
2050 121  80 201     1587.409560
2051 120  81 201     1586.145270
2052 119  82 201     1583.453880
2053 118  83 201     1578.816810
2054 117  84 201     1573.138761
2055 116  85 201     1566.624150
2056 115  86 201     1559.124840
2057 114  87 201     1550.682840
2058 113  88 201     1541.551410
2059 124  78 202     1592.075120
2060 123  79 202     1592.953820
2061 122  80 202     1595.163700
2062 121  81 202     1593.016238
2063 120  82 202     1592.194300
2064 119  83 202     1586.213080
2065 118  84 202     1582.629600
2066 117  85 202     1574.497080
2067 116  86 202     1569.398600
2068 115  87 202     1559.246080
2069 114  88 202     1552.485140
2070 124  79 203     1599.815392
2071 123  80 203     1601.158846
2072 122  81 203     1600.868759
2073 121  82 203     1599.112200
2074 120  83 203     1595.068440
2075 119  84 203     1590.070580
2076 118  85 203     1584.140950
2077 117  86 203     1577.348570
2078 116  87 203     1569.537130
2079 115  88 203     1560.968500
2080 124  80 204     1608.651180
2081 123  81 204     1607.524692
2082 122  82 204     1607.506128
2083 121  83 204     1602.258840
2084 120  84 204     1599.172320
2085 119  85 204     1591.924200
2086 118  86 204     1587.236280
2087 117  87 204     1577.876760
2088 116  88 204     1571.644560
2089 125  80 205     1614.320060
2090 124  81 205     1615.070770
2091 123  82 205     1614.237855
2092 122  83 205     1610.749780
2093 121  84 205     1606.425100
2094 120  85 205     1601.093050
2095 119  86 205     1595.048010
2096 118  87 205     1587.866450
2097 117  88 205     1579.935000
2098 116  89 205     1570.884250
2099 126  80 206     1621.049020
2100 125  81 206     1621.574526
2101 124  82 206     1622.324572
2102 123  83 206     1617.783920
2103 122  84 206     1615.162982
2104 121  85 206     1608.621040
2105 120  86 206     1604.542240
2106 119  87 206     1595.869640
2107 118  88 206     1590.278800
2108 117  89 206     1579.583280
2109 127  80 207     1624.662270
2110 126  81 207     1628.426979
2111 125  82 207     1629.062262
2112 124  83 207     1625.882535
2113 123  84 207     1622.190690
2114 122  85 207     1617.489720
2115 121  86 207     1612.116000
2116 120  87 207     1605.543750
2117 119  88 207     1598.371200
2118 118  89 207     1589.987700
2119 128  80 208     1629.511520
2120 127  81 208     1632.214064
2121 126  82 208     1636.430224
2122 125  83 208     1632.769424
2123 124  84 208     1630.586464
2124 123  85 208     1624.804480
2125 122  86 208     1621.208160
2126 121  87 208     1613.435200
2127 120  88 208     1608.260160
2128 119  89 208     1598.450880
2129 118  90 208     1591.738720
2130 128  81 209     1637.179973
2131 127  82 209     1640.367432
2132 126  83 209     1640.229283
2133 125  84 209     1637.554292
2134 124  85 209     1633.288393
2135 123  86 209     1628.563530
2136 122  87 209     1622.611210
2137 121  88 209     1616.200553
2138 120  89 209     1608.432650
2139 129  81 210     1640.853900
2140 128  82 210     1645.552650
2141 127  83 210     1644.833820
2142 126  84 210     1645.212660
2143 125  85 210     1640.448600
2144 124  86 210     1637.299650
2145 123  87 210     1630.244700
2146 122  88 210     1625.687700
2147 121  89 210     1616.559000
2148 120  90 210     1610.506800
2149 130  81 211     1645.755690
2150 129  82 211     1649.388477
2151 128  83 211     1649.972314
2152 127  84 211     1649.763424
2153 126  85 211     1648.195694
2154 125  86 211     1644.521340
2155 124  87 211     1639.123960
2156 123  88 211     1633.369990
2157 122  89 211     1626.217090
2158 121  90 211     1618.728700
2159 130  82 212     1654.515628
2160 129  83 212     1654.302356
2161 128  84 212     1655.771516
2162 127  85 212     1653.248080
2163 126  86 212     1652.496964
2164 125  87 212     1646.570080
2165 124  88 212     1642.472120
2166 123  89 212     1634.212600
2167 122  90 212     1628.596720
2168 121  91 212     1618.323200
2169 132  81 213     1654.036590
2170 131  82 213     1658.241210
2171 130  83 213     1659.487473
2172 129  84 213     1660.127112
2173 128  85 213     1659.270639
2174 127  86 213     1657.604766
2175 126  87 213     1654.679211
2176 125  88 213     1649.998110
2177 124  89 213     1643.407890
2178 123  90 213     1636.660050
2179 122  91 213     1628.342400
2180 132  82 214     1663.292316
2181 131  83 214     1663.526860
2182 130  84 214     1666.014824
2183 129  85 214     1664.142324
2184 128  86 214     1664.299400
2185 127  87 214     1660.156360
2186 126  88 214     1658.322594
2187 125  89 214     1651.189760
2188 124  90 214     1646.156480
2189 123  91 214     1636.586400
2190 133  82 215     1666.839100
2191 132  83 215     1668.769155
2192 131  84 215     1670.157840
2193 130  85 215     1670.089900
2194 129  86 215     1669.219150
2195 128  87 215     1666.950900
2196 127  88 215     1663.953800
2197 126  89 215     1659.673150
2198 125  90 215     1654.001450
2199 124  91 215     1646.276500
2200 123  92 215     1638.429000
2201 133  83 216     1672.596000
2202 132  84 216     1675.904904
2203 131  85 216     1674.648432
2204 130  86 216     1675.869912
2205 129  87 216     1672.369416
2206 128  88 216     1671.267600
2207 127  89 216     1665.632160
2208 126  90 216     1662.694560
2209 125  91 216     1654.410960
2210 124  92 216     1648.362960
2211 134  83 217     1677.811450
2212 133  84 217     1679.875120
2213 132  85 217     1680.581672
2214 131  86 217     1680.535451
2215 130  87 217     1679.096090
2216 129  88 217     1676.739470
2217 128  89 217     1673.143780
2218 127  90 217     1668.858030
2219 126  91 217     1663.213860
2220 135  83 218     1681.396940
2221 134  84 218     1685.473104
2222 133  85 218     1684.950340
2223 132  86 218     1687.047936
2224 131  87 218     1684.423870
2225 130  88 218     1684.050000
2226 129  89 218     1679.075240
2227 128  90 218     1676.768800
2228 127  91 218     1669.670720
2229 126  92 218     1665.676960
2230 135  84 219     1689.219270
2231 134  85 219     1690.722924
2232 133  86 219     1691.507163
2233 132  87 219     1690.936230
2234 131  88 219     1689.376950
2235 130  89 219     1686.420450
2236 129  90 219     1682.736870
2237 128  91 219     1677.883830
2238 127  92 219     1672.356270
2239 126  93 219     1665.407400
2240 136  84 220     1694.708400
2241 135  85 220     1694.814000
2242 134  86 220     1697.795880
2243 133  87 220     1696.143240
2244 132  88 220     1696.574000
2245 131  89 220     1692.317220
2246 130  90 220     1690.609800
2247 137  84 221     1698.270080
2248 136  85 221     1700.477870
2249 135  86 221     1702.007853
2250 134  87 221     1702.419576
2251 133  88 221     1701.950835
2252 132  89 221     1699.609340
2253 131  90 221     1696.409260
2254 130  91 221     1692.190370
2255 129  92 221     1687.264280
2256 138  84 222     1703.628000
2257 137  85 222     1704.380580
2258 136  86 222     1708.178334
2259 135  87 222     1707.390900
2260 134  88 222     1708.665624
2261 133  89 222     1705.582044
2262 132  90 222     1704.218520
2263 138  85 223     1709.975150
2264 137  86 223     1712.231910
2265 136  87 223     1713.457072
2266 135  88 223     1713.823907
2267 134  89 223     1712.448220
2268 133  90 223     1710.106720
2269 132  91 223     1706.396000
2270 131  92 223     1702.092100
2271 139  85 224     1713.763520
2272 138  86 224     1718.248000
2273 137  87 224     1718.162880
2274 136  88 224     1720.302528
2275 135  89 224     1718.112032
2276 134  90 224     1717.569280
2277 133  91 224     1712.919040
2278 132  92 224     1710.275840
2279 139  86 225     1722.231000
2280 138  87 225     1724.161500
2281 137  88 225     1725.206850
2282 136  89 225     1724.780250
2283 135  90 225     1723.324950
2284 134  91 225     1720.507500
2285 133  92 225     1716.691500
2286 132  93 225     1711.710000
2287 140  86 226     1728.088660
2288 139  87 226     1728.532976
2289 138  88 226     1731.603412
2290 137  89 226     1730.179612
2291 136  90 226     1730.508894
2292 135  91 226     1726.890860
2293 134  92 226     1724.813920
2294 141  86 227     1732.021350
2295 140  87 227     1734.442305
2296 139  88 227     1736.164781
2297 138  89 227     1736.710489
2298 137  90 227     1735.972966
2299 136  91 227     1734.164230
2300 135  92 227     1731.167830
2301 134  93 227     1726.879800
2302 142  86 228     1737.733920
2303 141  87 228     1738.811904
2304 140  88 228     1742.473584
2305 139  89 228     1741.736688
2306 138  90 228     1743.078240
2307 137  91 228     1740.143196
2308 136  92 228     1739.063160
2309 135  93 228     1733.905800
2310 134  94 228     1730.631720
2311 143  86 229     1741.686980
2312 142  87 229     1744.599173
2313 141  88 229     1746.924210
2314 140  89 229     1748.011960
2315 139  90 229     1748.334850
2316 138  91 229     1747.241146
2317 137  92 229     1745.145109
2318 136  93 229     1741.796900
2319 135  94 229     1737.395520
2320 134  95 229     1731.858300
2321 143  87 230     1748.851920
2322 142  88 230     1753.039300
2323 141  89 230     1752.935800
2324 140  90 230     1755.129080
2325 139  91 230     1753.035850
2326 138  92 230     1752.812060
2327 137  93 230     1748.409400
2328 136  94 230     1745.927700
2329 144  87 231     1754.329500
2330 143  88 231     1757.411040
2331 142  89 231     1759.083480
2332 141  90 231     1760.247258
2333 140  91 231     1759.856406
2334 139  92 231     1758.692397
2335 138  93 231     1756.092030
2336 137  94 231     1752.624720
2337 145  87 232     1758.409200
2338 144  88 232     1763.202320
2339 143  89 232     1763.761440
2340 142  90 232     1766.687656
2341 141  91 232     1765.406320
2342 140  92 232     1765.960104
2343 146  87 233     1763.632920
2344 145  88 233     1767.435480
2345 144  89 233     1769.679270
2346 143  90 233     1771.474069
2347 142  91 233     1771.933778
2348 141  92 233     1771.721748
2349 140  93 233     1769.909940
2350 139  94 233     1767.025400
2351 146  88 234     1772.910360
2352 145  89 234     1774.218420
2353 144  90 234     1777.664070
2354 143  91 234     1777.155822
2355 142  92 234     1778.567310
2356 141  93 234     1775.975760
2357 140  94 234     1774.797570
2358 146  89 235     1779.772500
2359 145  90 235     1782.331650
2360 144  91 235     1783.276350
2361 143  92 235     1783.864790
2362 142  93 235     1782.958160
2363 141  94 235     1781.036800
2364 140  95 235     1777.810250
2365 147  89 236     1783.980640
2366 146  90 236     1788.164920
2367 145  91 236     1788.304160
2368 144  92 236     1790.410224
2369 143  93 236     1788.693560
2370 142  94 236     1788.388648
2371 147  90 237     1792.535280
2372 146  91 237     1794.180060
2373 145  92 237     1795.536174
2374 144  93 237     1795.272393
2375 143  94 237     1794.269883
2376 147  91 238     1798.884920
2377 146  92 238     1801.689750
2378 145  93 238     1800.760598
2379 144  94 238     1801.269680
2380 143  95 238     1798.228040
2381 142  96 238     1796.424000
2382 147  92 239     1806.496079
2383 146  93 239     1806.975513
2384 145  94 239     1806.916002
2385 144  95 239     1805.331432
2386 143  96 239     1802.791340
2387 148  92 240     1812.424800
2388 147  93 240     1812.040800
2389 146  94 240     1813.450080
2390 145  95 240     1811.282400
2391 144  96 240     1810.286640
2392 148  93 241     1818.169070
2393 147  94 241     1818.691799
2394 146  95 241     1817.929998
2395 145  96 241     1816.380368
2396 149  93 242     1823.082800
2397 148  94 242     1825.001134
2398 147  95 242     1823.467822
2399 146  96 242     1823.349726
2400 149  94 243     1830.034944
2401 148  95 243     1829.832039
2402 147  96 243     1829.042775
2403 146  97 243     1826.752743
2404 150  94 244     1836.054860
2405 149  95 244     1835.199152
2406 148  96 244     1835.844288
2407 147  97 244     1832.798680
2408 146  98 244     1831.253184
2409 151  94 245     1840.753600
2410 150  95 245     1841.249235
2411 149  96 245     1841.362915
2412 148  97 245     1839.771150
2413 147  98 245     1837.417435
2414 150  96 246     1847.821866
2415 149  97 246     1845.688800
2416 148  98 246     1844.783766
2417 151  96 247     1852.976957
2418 150  97 247     1852.238180
2419 149  98 247     1850.842630
2420 148  99 247     1847.584700
2421 150  98 248     1857.778664
2422 153  96 249     1863.901950
2423 152  97 249     1864.023960
2424 151  98 249     1863.365106
2425 154  96 250     1869.735000
2426 153  97 250     1868.991750
2427 152  98 250     1869.989000
2428 155  96 251     1874.146720
2429 154  97 251     1874.784260
2430 153  98 251     1875.095500
2431 152  99 251     1873.936131
2432 151 100 251     1871.712020
2433 150 101 251     1867.916900
2434 154  98 252     1881.267444
2435 153  99 252     1879.224480
2436 152 100 252     1878.921576
2437 155  98 253     1886.071737
2438 154  99 253     1885.580411
2439 153 100 253     1884.462910
2440 156  98 254     1892.104420
2441 155  99 254     1890.671606
2442 154 100 254     1890.977168
2443 156  99 255     1896.644100
2444 155 100 255     1896.151440
2445 154 101 255     1894.325895
2446 153 102 255     1891.579800
2447 152 103 255     1887.657900
2448 156 100 256     1902.535680
2449 153 103 256     1893.939200
2450 152 104 256     1890.670080
2451 157 100 257     1907.503858
2452 156 101 257     1906.318574
2453 155 102 257     1904.281849
